      0/99     16.7G   0.07577   0.04189         0    0.1177        36       640     0.484    0.5318    0.4592   0.07083    0.1574   0.05756    0.0253         0
      1/99     16.7G   0.05499    0.0299         0   0.08489        50       640    0.3197    0.2407    0.1999   0.05201   0.07624   0.07289   0.02487         0
      2/99     16.7G   0.04847   0.02679         0   0.07525        39       640    0.6809    0.4388    0.5038    0.1391    0.1995   0.06172   0.02085         0
      3/99     16.7G   0.04297   0.02427         0   0.06724        40       640    0.7928    0.6838     0.754    0.3685    0.3918   0.04558   0.01788         0
      4/99     16.7G   0.03932   0.02287         0   0.06219        37       640    0.9125    0.8125    0.8901    0.4709    0.4823   0.03646   0.01547         0
      5/99     16.7G   0.03757   0.02211         0   0.05968        39       640    0.8107    0.8292    0.8818    0.5008    0.4915   0.03596    0.0184         0
      6/99     16.7G   0.03663   0.02184         0   0.05848        44       640    0.7554    0.6139    0.6762    0.3117    0.3374   0.04702   0.01858         0
      7/99     16.7G   0.03548   0.02114         0   0.05662        51       640    0.9074    0.8436    0.9109    0.5813    0.5431   0.03384   0.01445         0
      8/99     16.7G   0.03484   0.02082         0   0.05566        47       640    0.9378    0.8616    0.9365    0.6535    0.5809   0.03133   0.01364         0
      9/99     16.7G    0.0343   0.02076         0   0.05505        53       640    0.9387    0.9059    0.9569    0.6856    0.6094   0.02945   0.01277         0
     10/99     16.7G   0.03361   0.02062         0   0.05424        26       640    0.9498     0.889    0.9528    0.6764    0.6029   0.02968   0.01286         0
     11/99     16.7G   0.03337   0.02018         0   0.05355        47       640    0.8274    0.7347    0.8036    0.4247    0.4377   0.04214   0.01563         0
     12/99     16.7G   0.03293   0.02044         0   0.05337        42       640    0.9414    0.8791    0.9447    0.6443     0.589   0.03063   0.01303         0
     13/99     16.7G   0.03248   0.01974         0   0.05222        51       640    0.9389    0.8977    0.9549    0.6974    0.6187   0.02903   0.01252         0
     14/99     16.7G   0.03225    0.0198         0   0.05206        54       640    0.9386    0.8829    0.9458    0.6674    0.6007   0.02983   0.01284         0
     15/99     16.7G   0.03188   0.01954         0   0.05142        36       640    0.9347     0.882    0.9421     0.669    0.6029   0.03004   0.01296         0
     16/99     16.7G   0.03158   0.01968         0   0.05127        42       640    0.9322    0.8722    0.9399    0.6627    0.5978   0.03058   0.01295         0
     17/99     16.7G   0.03166   0.01953         0   0.05118        27       640    0.9227     0.883      0.94    0.6573    0.5943   0.03112   0.01306         0
     18/99     16.7G   0.03106    0.0193         0   0.05036        34       640    0.9341     0.881    0.9432    0.6561    0.5963   0.03077   0.01284         0
     19/99     16.7G   0.03092   0.01915         0   0.05007        36       640    0.9442    0.8878    0.9492    0.6813    0.6039   0.02994   0.01264         0
     20/99     16.7G   0.03096   0.01905         0   0.05001        48       640    0.9435     0.876    0.9478    0.6753    0.6046   0.03023   0.01269         0
     21/99     16.7G   0.03046   0.01879         0   0.04925        54       640    0.9448    0.8984     0.958    0.7034    0.6262   0.02819   0.01243         0
     22/99     16.7G   0.03027   0.01883         0   0.04911        53       640     0.942    0.8848     0.947    0.6589    0.5983   0.03004   0.01273         0
     23/99     16.7G   0.03025   0.01895         0    0.0492        47       640     0.944    0.9073    0.9588    0.6807    0.6141   0.02915   0.01223         0
     24/99     16.7G   0.03002   0.01872         0   0.04874        36       640    0.9428    0.8953    0.9509    0.6867    0.6168   0.02965   0.01249         0
     25/99     16.7G   0.02988   0.01857         0   0.04845        45       640    0.9454    0.8952    0.9554    0.6749    0.6106   0.02927   0.01241         0
     26/99     16.7G   0.02989   0.01868         0   0.04856        29       640    0.9424    0.8879    0.9538    0.6827    0.6126   0.02903   0.01254         0
     27/99     16.7G   0.02963   0.01848         0   0.04811        27       640    0.9483    0.9023    0.9571    0.6943    0.6179   0.02857   0.01231         0
     28/99     16.7G    0.0293   0.01843         0   0.04773        34       640    0.9513     0.902    0.9582    0.7092    0.6285    0.0288   0.01215         0
     29/99     16.7G   0.02932   0.01841         0   0.04773        32       640    0.9372    0.8923    0.9533    0.6885    0.6169   0.02909   0.01246         0
     30/99     16.7G   0.02902   0.01851         0   0.04753        59       640    0.9452    0.9049    0.9558    0.6961    0.6224   0.02871   0.01233         0
     31/99     16.7G   0.02898   0.01809         0   0.04707        41       640     0.951    0.8966    0.9592    0.6946    0.6183   0.02848   0.01226         0
     32/99     16.7G   0.02901    0.0182         0   0.04721        45       640    0.9375    0.8942    0.9527    0.6821    0.6142   0.02936   0.01247         0
     33/99     16.7G   0.02865   0.01787         0   0.04651        49       640    0.9481    0.9067    0.9601    0.7097    0.6261   0.02854   0.01217         0
     34/99     16.7G   0.02865   0.01813         0   0.04678        53       640    0.9532    0.9059    0.9621    0.7042    0.6271   0.02829   0.01216         0
     35/99     16.7G   0.02841    0.0181         0   0.04651        41       640    0.9471    0.9179    0.9634    0.7161    0.6291     0.028   0.01201         0
     36/99     16.7G   0.02852   0.01823         0   0.04675        50       640    0.9469    0.9029    0.9579    0.6945    0.6208   0.02867   0.01227         0
     37/99     16.7G   0.02816   0.01767         0   0.04583        35       640    0.9509    0.9051    0.9608    0.6929    0.6201   0.02817   0.01214         0
     38/99     16.7G   0.02808   0.01781         0   0.04589        46       640    0.9461    0.9025      0.96    0.7022    0.6266   0.02818   0.01222         0
     39/99     16.7G   0.02798   0.01795         0   0.04593        29       640    0.9508    0.9064    0.9631    0.7124    0.6329   0.02801   0.01213         0
     40/99     16.7G   0.02782   0.01749         0   0.04532        30       640    0.9503    0.9053    0.9617    0.7069     0.628   0.02802    0.0121         0
     41/99     16.7G    0.0278   0.01752         0   0.04532        36       640    0.9461    0.9194     0.965    0.7113    0.6283   0.02778   0.01195         0
     42/99     16.7G   0.02778   0.01767         0   0.04545        25       640    0.9447     0.916    0.9632     0.723    0.6347   0.02774   0.01195         0
     43/99     16.7G   0.02758   0.01753         0   0.04511        44       640    0.9469    0.9104    0.9619    0.7232    0.6354   0.02789   0.01207         0
     44/99     16.7G   0.02745   0.01744         0   0.04489        43       640    0.9524    0.9064    0.9628    0.7179    0.6334   0.02783   0.01209         0
     45/99     16.7G   0.02721   0.01735         0   0.04456        32       640    0.9456     0.912    0.9609    0.7059     0.625   0.02813   0.01215         0
     46/99     16.7G   0.02712   0.01737         0   0.04449        43       640    0.9499    0.9086     0.962    0.7235    0.6353   0.02775   0.01208         0
     47/99     16.7G   0.02714   0.01724         0   0.04438        58       640    0.9448    0.9127    0.9616    0.7145    0.6248   0.02813    0.0122         0
     48/99     16.7G   0.02687   0.01696         0   0.04383        37       640    0.9499    0.9088    0.9613       0.7    0.6187   0.02841   0.01222         0
     49/99     16.7G    0.0268   0.01721         0   0.04401        47       640    0.9523     0.903    0.9613    0.7037    0.6212   0.02829   0.01232         0
     50/99     16.7G   0.02677   0.01704         0   0.04381        49       640    0.9501    0.9054    0.9616    0.7154    0.6271   0.02789   0.01226         0
     51/99     16.7G   0.02677   0.01717         0   0.04394        42       640    0.9519     0.913    0.9633    0.7087    0.6226   0.02797    0.0122         0
     52/99     16.7G   0.02655   0.01692         0   0.04347        36       640    0.9558    0.9097    0.9621    0.7096    0.6225   0.02805   0.01228         0
     53/99     16.7G   0.02651   0.01695         0   0.04346        32       640    0.9508    0.9135    0.9626    0.7092    0.6246   0.02806   0.01232         0
     54/99     16.7G    0.0263   0.01691         0   0.04321        51       640    0.9533    0.9054     0.961    0.7138    0.6264   0.02798   0.01242         0
     55/99     16.7G   0.02611   0.01668         0   0.04279        45       640     0.948    0.9078     0.959    0.7158    0.6263   0.02806    0.0125         0
     56/99     16.7G   0.02604   0.01671         0   0.04274        47       640    0.9466     0.913    0.9599    0.7156    0.6285   0.02798   0.01238         0
     57/99     16.7G   0.02592   0.01663         0   0.04255        54       640    0.9474    0.9109    0.9601    0.7038    0.6227   0.02828   0.01248         0
     58/99     16.7G   0.02593   0.01672         0   0.04265        38       640    0.9528     0.909    0.9612    0.7042    0.6237   0.02812    0.0124         0
     59/99     16.7G   0.02562   0.01649         0   0.04212        27       640    0.9526    0.9092    0.9611    0.7091    0.6262   0.02795   0.01243         0
     60/99     16.7G   0.02556   0.01647         0   0.04203        37       640     0.953    0.9086    0.9611    0.7059    0.6233   0.02802   0.01249         0
     61/99     16.7G   0.02561   0.01652         0   0.04213        36       640    0.9511    0.9101    0.9613    0.7019    0.6231   0.02808   0.01254         0
     62/99     16.7G   0.02537   0.01633         0   0.04169        41       640    0.9503     0.912    0.9616     0.699    0.6216   0.02817   0.01255         0
     63/99     16.7G   0.02536   0.01617         0   0.04152        46       640    0.9488    0.9136    0.9611    0.7045    0.6229   0.02806   0.01253         0
     64/99     16.7G   0.02518   0.01628         0   0.04146        45       640    0.9516    0.9124    0.9622    0.7035    0.6232   0.02802   0.01251         0
     65/99     16.7G   0.02503    0.0161         0   0.04113        31       640    0.9482    0.9162    0.9634    0.7084    0.6247   0.02803   0.01247         0
     66/99     16.7G   0.02514   0.01622         0   0.04136        43       640    0.9494     0.914    0.9641    0.7124    0.6252   0.02803   0.01244         0
     67/99     16.7G   0.02482   0.01617         0   0.04099        51       640    0.9555    0.9104     0.964    0.7111    0.6251   0.02808   0.01244         0
     68/99     16.7G   0.02454   0.01594         0   0.04048        51       640    0.9472     0.916    0.9631    0.7142    0.6258   0.02809   0.01245         0
     69/99     16.7G   0.02468   0.01599         0   0.04067        46       640    0.9491    0.9127    0.9621    0.7135    0.6255   0.02808   0.01248         0
     70/99     16.7G   0.02451   0.01595         0   0.04046        66       640    0.9502    0.9106    0.9615    0.7125    0.6253   0.02811   0.01256         0
     71/99     16.7G   0.02445   0.01582         0   0.04027        42       640    0.9531    0.9067     0.961    0.7155    0.6253   0.02812   0.01256         0
     72/99     16.7G   0.02419   0.01589         0   0.04007        44       640    0.9544    0.9067    0.9614    0.7194    0.6271   0.02808   0.01255         0
     73/99     16.7G   0.02406   0.01562         0   0.03968        33       640    0.9537    0.9072    0.9613    0.7203    0.6277   0.02807   0.01257         0
     74/99     16.7G     0.024   0.01562         0   0.03962        36       640    0.9503    0.9114    0.9614    0.7193    0.6277   0.02803   0.01257         0
     75/99     16.7G   0.02384   0.01567         0    0.0395        33       640    0.9518    0.9096    0.9614    0.7197    0.6285   0.02801   0.01257         0
     76/99     16.7G   0.02387   0.01565         0   0.03952        52       640     0.951    0.9104    0.9612    0.7191    0.6283   0.02801   0.01258         0
     77/99     16.7G   0.02373   0.01562         0   0.03935        42       640    0.9527    0.9084    0.9609    0.7189    0.6277   0.02804   0.01261         0
     78/99     16.7G   0.02363   0.01549         0   0.03912        38       640    0.9532    0.9078     0.961    0.7164    0.6264   0.02811   0.01265         0
     79/99     16.7G   0.02334   0.01532         0   0.03866        45       640    0.9518    0.9084    0.9608    0.7157    0.6262   0.02812   0.01268         0
     80/99     16.7G   0.02342   0.01546         0   0.03888        51       640    0.9513    0.9083    0.9604    0.7156    0.6259   0.02812    0.0127         0
     81/99     16.7G   0.02331   0.01515         0   0.03846        47       640    0.9535    0.9059    0.9603    0.7152    0.6257   0.02811   0.01272         0
     82/99     16.7G   0.02309   0.01517         0   0.03825        31       640    0.9496    0.9098    0.9606    0.7146    0.6251   0.02814   0.01273         0
     83/99     16.7G     0.023   0.01503         0   0.03803        49       640    0.9536    0.9063    0.9605    0.7134    0.6243   0.02817   0.01276         0
     84/99     16.7G   0.02283   0.01489         0   0.03773        47       640    0.9533    0.9068    0.9602     0.713    0.6244   0.02819   0.01278         0
     85/99     16.7G   0.02289   0.01506         0   0.03796        34       640    0.9525    0.9072    0.9601    0.7125     0.624   0.02822   0.01279         0
     86/99     16.7G   0.02253   0.01475         0   0.03728        42       640    0.9491    0.9103    0.9597    0.7113    0.6225   0.02826   0.01281         0
     87/99     16.7G   0.02262   0.01474         0   0.03736        30       640    0.9515    0.9079    0.9593    0.7115    0.6221    0.0283   0.01283         0
     88/99     16.7G   0.02252   0.01487         0   0.03739        52       640    0.9513    0.9083    0.9594    0.7093    0.6216   0.02832   0.01284         0
     89/99     16.7G   0.02245   0.01491         0   0.03736        38       640    0.9514    0.9077    0.9591    0.7088    0.6216   0.02833   0.01285         0
     90/99     16.7G    0.0223   0.01464         0   0.03694        39       640      0.95    0.9093    0.9589    0.7056     0.621   0.02835   0.01286         0
     91/99     16.7G    0.0223    0.0147         0     0.037        41       640    0.9498    0.9097    0.9589    0.7051    0.6207   0.02837   0.01287         0
     92/99     16.7G   0.02212   0.01449         0   0.03662        30       640     0.946     0.913    0.9593    0.7042    0.6208   0.02838    0.0129         0
     93/99     16.7G    0.0221   0.01472         0   0.03681        49       640    0.9461    0.9125    0.9591    0.7035    0.6204   0.02841   0.01291         0
     94/99     16.7G    0.0218   0.01458         0   0.03638        44       640    0.9479    0.9111    0.9592    0.7035    0.6202   0.02842   0.01293         0
     95/99     16.7G    0.0219   0.01443         0   0.03633        31       640    0.9502    0.9082    0.9588    0.7033    0.6201   0.02844   0.01294         0
     96/99     16.7G   0.02185   0.01434         0   0.03619        45       640    0.9513    0.9076    0.9586    0.7019    0.6199   0.02846   0.01296         0
     97/99     16.7G   0.02168   0.01422         0    0.0359        39       640    0.9513    0.9076    0.9584    0.7024    0.6199   0.02847   0.01297         0
     98/99     16.7G   0.02172   0.01445         0   0.03617        35       640    0.9506    0.9086    0.9591    0.7024    0.6197   0.02848   0.01298         0
     99/99     16.7G   0.02174   0.01449         0   0.03622        41       640    0.9497    0.9091    0.9584    0.7019     0.619    0.0285   0.01299         0
