      0/99     18.5G   0.07659   0.04369         0    0.1203        35       640     0.538    0.4221    0.4058   0.05202    0.1343   0.06068   0.02564         0
      1/99     20.3G   0.05679   0.03166         0   0.08845        39       640    0.5757    0.4852    0.5219    0.1778    0.2316   0.05724   0.02297         0
      2/99     20.3G   0.04961   0.02775         0   0.07736        41       640    0.4661    0.4268    0.3604   0.09406    0.1412     0.059   0.02507         0
      3/99     20.3G   0.04429   0.02552         0   0.06981        42       640    0.4842    0.3268    0.3258   0.08047    0.1251   0.06767    0.0229         0
      4/99     20.3G   0.04083   0.02387         0    0.0647        50       640    0.7149    0.6148    0.6649    0.2851    0.3227   0.04929   0.01953         0
      5/99     20.3G   0.03902   0.02324         0   0.06226        38       640    0.0649   0.06733   0.01194 0.0002365  0.002375   0.09367   0.02961         0
      6/99     20.3G    0.0378   0.02233         0   0.06013        48       640    0.7556    0.6233    0.7034    0.3617    0.3729   0.04483   0.01821         0
      7/99     20.3G   0.03675   0.02213         0   0.05888        45       640    0.7809    0.6976    0.7645    0.3912    0.4056    0.0434   0.01752         0
      8/99     20.3G   0.03607   0.02173         0    0.0578        40       640    0.9341     0.837    0.9196    0.6103    0.5625   0.03294   0.01471         0
      9/99     20.3G   0.03529   0.02137         0   0.05666        50       640    0.8107    0.7117     0.783     0.365    0.3963   0.04383    0.0168         0
     10/99     20.3G    0.0349   0.02123         0   0.05613        45       640    0.8696    0.7596    0.8434    0.5191    0.4903   0.03819   0.01638         0
     11/99     20.3G   0.03438   0.02088         0   0.05526        38       640    0.8216    0.7192    0.8059    0.4406    0.4419   0.04197    0.0168         0
     12/99     20.3G   0.03398   0.02085         0   0.05483        33       640    0.8497    0.7448    0.8326     0.457    0.4607   0.04039   0.01693         0
     13/99     20.3G   0.03362   0.02053         0   0.05414        36       640     0.928    0.8713    0.9381    0.6507    0.5892   0.03144    0.0135         0
     14/99     20.3G   0.03333   0.02038         0   0.05371        41       640     0.943    0.9013    0.9554    0.6873    0.6093    0.0297   0.01286         0
     15/99     20.3G   0.03317   0.02052         0   0.05369        29       640    0.8913    0.8396    0.8992    0.5744    0.5387    0.0355   0.01451         0
     16/99     20.3G   0.03269    0.0201         0    0.0528        41       640    0.9285    0.8706    0.9384    0.6539    0.5933   0.03107   0.01351         0
     17/99     20.3G   0.03254   0.02014         0   0.05268        56       640    0.8784    0.7941    0.8701    0.5709    0.5294   0.03562   0.01525         0
     18/99     20.3G   0.03232    0.0199         0   0.05222        49       640    0.9472    0.9029    0.9582    0.6867    0.6129   0.02938   0.01256         0
     19/99     20.3G   0.03207   0.01974         0   0.05181        43       640    0.9244     0.851    0.9257    0.6361     0.579   0.03243   0.01354         0
     20/99     20.3G    0.0318   0.01975         0   0.05154        46       640    0.8958    0.8341    0.8972    0.5765    0.5411   0.03476   0.01451         0
     21/99     20.3G   0.03158   0.01938         0   0.05096        36       640    0.9252    0.8666    0.9301    0.6101    0.5666   0.03347   0.01372         0
     22/99     20.3G   0.03139   0.01948         0   0.05087        47       640    0.9286    0.8893    0.9473    0.6482    0.5909   0.03107   0.01313         0
     23/99     20.3G   0.03116   0.01947         0   0.05063        52       640    0.9487    0.8839    0.9508    0.6726    0.6035   0.03035   0.01285         0
     24/99     20.3G   0.03102   0.01944         0   0.05046        31       640    0.9278    0.8878    0.9433    0.6577    0.5946   0.03104   0.01314         0
     25/99     20.3G     0.031   0.01947         0   0.05047        48       640    0.9422    0.8958    0.9537    0.6879    0.6144   0.02947   0.01273         0
     26/99     20.3G   0.03072   0.01913         0   0.04986        43       640    0.9465    0.9006    0.9573    0.6861    0.6161   0.02969    0.0125         0
     27/99     20.3G   0.03067   0.01919         0   0.04986        58       640    0.9423    0.8975    0.9523    0.6631    0.5985   0.03034   0.01279         0
     28/99     20.3G   0.03041    0.0191         0   0.04951        47       640    0.9254     0.906    0.9537    0.6816    0.6076   0.02979   0.01281         0
     29/99     20.3G   0.03028    0.0189         0   0.04918        37       640    0.9449    0.8881    0.9506     0.665    0.5966   0.03055   0.01295         0
     30/99     20.3G   0.03012   0.01892         0   0.04904        32       640    0.9459    0.8834    0.9516    0.6847    0.6111   0.02977   0.01275         0
     31/99     20.3G   0.03009   0.01885         0   0.04894        48       640    0.9411    0.8979    0.9542    0.6783    0.6091   0.02979   0.01255         0
     32/99     20.3G   0.02984   0.01871         0   0.04855        45       640    0.9372    0.9017    0.9504    0.6718    0.6049   0.03018   0.01264         0
     33/99     20.3G   0.02965   0.01868         0   0.04832        47       640    0.9511    0.8995    0.9551    0.6813    0.6058   0.02962   0.01257         0
     34/99     20.3G   0.02975   0.01858         0   0.04833        37       640    0.9551    0.8875    0.9527    0.6797    0.6043    0.0298   0.01255         0
     35/99     20.3G   0.02944   0.01854         0   0.04798        43       640    0.9467    0.8892    0.9492    0.6711    0.6002   0.03013   0.01278         0
     36/99     20.3G   0.02935   0.01842         0   0.04777        42       640     0.948    0.8933    0.9541    0.6687    0.6006   0.02995   0.01258         0
     37/99     20.3G   0.02933   0.01821         0   0.04754        45       640    0.9405    0.9064    0.9543     0.687    0.6098   0.02956   0.01254         0
     38/99     20.3G   0.02922   0.01859         0    0.0478        46       640    0.9465       0.9    0.9543    0.6768    0.6023   0.02968   0.01266         0
     39/99     18.6G   0.02895   0.01811         0   0.04706        35       640    0.9486    0.8919    0.9498    0.6873    0.6051   0.02946   0.01274         0
     40/99     20.6G   0.02893   0.01837         0   0.04729        39       640    0.9405    0.8984    0.9505    0.6737    0.5998    0.0297   0.01261         0
     41/99     20.6G   0.02875   0.01816         0   0.04691        41       640    0.9398    0.8937    0.9493    0.6693    0.6004   0.02969   0.01263         0
     42/99     20.6G   0.02871   0.01817         0   0.04688        42       640    0.9542    0.9003    0.9579    0.6799    0.6047   0.02936   0.01241         0
     43/99     20.6G   0.02862   0.01801         0   0.04663        50       640    0.9489    0.9015    0.9573     0.691    0.6118   0.02909   0.01235         0
     44/99     20.6G   0.02848   0.01816         0   0.04663        38       640    0.9457    0.9043    0.9562    0.6832     0.606   0.02938   0.01245         0
     45/99     20.6G   0.02834   0.01779         0   0.04613        48       640    0.9433    0.9082    0.9571    0.6747    0.6007   0.02932   0.01249         0
     46/99     20.6G   0.02811   0.01788         0     0.046        45       640    0.9365    0.9054    0.9556    0.6685    0.5967   0.02972   0.01263         0
     47/99     20.6G    0.0281   0.01784         0   0.04593        40       640    0.9433    0.8926    0.9524    0.6681    0.5983   0.02965   0.01272         0
     48/99     20.6G   0.02777   0.01766         0   0.04543        50       640    0.9436    0.9045    0.9565    0.6684    0.6021   0.02934    0.0125         0
     49/99     20.6G   0.02779   0.01777         0   0.04557        45       640    0.9476    0.9018    0.9593    0.6793     0.604   0.02913   0.01238         0
     50/99     20.6G   0.02765   0.01752         0   0.04516        38       640    0.9449    0.9064    0.9566    0.6886    0.6076   0.02896    0.0124         0
     51/99     20.6G   0.02765   0.01768         0   0.04533        33       640    0.9424    0.8993    0.9524    0.6765    0.6014   0.02929   0.01271         0
     52/99     20.6G   0.02737   0.01749         0   0.04486        36       640    0.9438    0.9009    0.9539    0.6841    0.6057   0.02906   0.01257         0
     53/99     20.6G    0.0274   0.01745         0   0.04486        41       640    0.9379    0.9041    0.9533    0.6833    0.6063    0.0293   0.01251         0
     54/99     20.6G   0.02728    0.0176         0   0.04488        29       640    0.9433    0.9065    0.9563     0.689    0.6091   0.02904   0.01236         0
     55/99     20.6G    0.0271    0.0173         0    0.0444        41       640    0.9428    0.9055    0.9562    0.6892    0.6106   0.02894   0.01242         0
     56/99     20.6G   0.02708   0.01734         0   0.04442        56       640    0.9456    0.9072    0.9576    0.6926    0.6136   0.02873   0.01236         0
     57/99     20.6G   0.02697   0.01721         0   0.04417        49       640    0.9485    0.9003    0.9544    0.6864    0.6092   0.02892    0.0125         0
     58/99     20.6G   0.02683    0.0171         0   0.04393        43       640    0.9447    0.9024    0.9535    0.6853     0.606   0.02892   0.01258         0
     59/99     20.6G   0.02667   0.01715         0   0.04382        46       640    0.9477    0.9014    0.9522    0.6868    0.6062   0.02891   0.01261         0
     60/99     18.6G   0.02619   0.01672         0   0.04291        35       640    0.9427    0.9065     0.953    0.6844    0.6045   0.02904   0.01267         0
     61/99     20.6G   0.02608   0.01691         0   0.04299        39       640    0.9441    0.9039    0.9519    0.6829    0.6039   0.02903   0.01274         0
     62/99     20.6G   0.02599   0.01669         0   0.04269        41       640    0.9489    0.8929    0.9506    0.6788    0.6014   0.02913   0.01285         0
     63/99     20.6G   0.02591   0.01668         0   0.04259        42       640    0.9514    0.8888    0.9495    0.6786    0.6016   0.02917   0.01289         0
     64/99     20.6G   0.02575   0.01655         0    0.0423        50       640    0.9433    0.8979    0.9508    0.6772    0.6037   0.02906   0.01285         0
     65/99     20.6G   0.02562   0.01664         0   0.04226        38       640    0.9417    0.8998     0.952     0.677     0.603   0.02905   0.01286         0
     66/99     20.6G   0.02557   0.01631         0   0.04187        48       640    0.9409    0.9006    0.9523    0.6764    0.6013   0.02903   0.01291         0
     67/99     20.6G   0.02532   0.01641         0   0.04173        45       640    0.9422    0.9001    0.9523    0.6753    0.6016   0.02903   0.01296         0
     68/99     20.6G   0.02533   0.01639         0   0.04172        40       640    0.9387       0.9    0.9503    0.6749    0.6012   0.02906   0.01301         0
     69/99     20.6G   0.02493   0.01616         0    0.0411        50       640    0.9369    0.9044    0.9509      0.68     0.603   0.02897   0.01297         0
     70/99     20.6G   0.02502   0.01624         0   0.04126        45       640     0.943    0.9014    0.9523    0.6837    0.6039   0.02888   0.01294         0
     71/99     20.6G   0.02485   0.01605         0    0.0409        38       640    0.9367    0.9088    0.9523    0.6841     0.605   0.02887   0.01296         0
     72/99     20.6G    0.0249   0.01619         0   0.04109        33       640    0.9376    0.9082    0.9521    0.6828    0.6045   0.02889   0.01298         0
     73/99     20.6G   0.02465   0.01604         0   0.04069        36       640    0.9432    0.9022     0.952     0.685    0.6054   0.02887     0.013         0
     74/99     20.6G   0.02462   0.01596         0   0.04058        41       640    0.9445    0.9011    0.9518    0.6845    0.6043   0.02892   0.01302         0
