      0/99     21.1G    0.0765   0.04286         0    0.1194        87       640    0.6126    0.3127    0.3667   0.05029    0.1222   0.06462   0.02574         0
      1/99     20.8G   0.05781    0.0318         0   0.08961       106       640    0.7077    0.5537    0.6264    0.2153    0.2805   0.05459   0.02255         0
      2/99     20.8G   0.05014   0.02806         0    0.0782       111       640    0.8211    0.5954    0.7185    0.3249    0.3558   0.04437   0.02381         0
      3/99     20.8G   0.04432    0.0256         0   0.06992        98       640    0.6534    0.6017    0.6264    0.2376    0.2832    0.0508   0.02032         0
      4/99     20.8G   0.04078   0.02384         0   0.06462       106       640    0.8797    0.8029    0.8816    0.5219    0.5013   0.03766   0.01576         0
      5/99     20.8G    0.0391   0.02324         0   0.06234        85       640     0.888    0.7971    0.8813    0.5099    0.4947   0.03756   0.01581         0
      6/99     20.8G   0.03756   0.02225         0   0.05981       116       640    0.8476    0.7756    0.8472    0.4674    0.4707   0.03918   0.01622         0
      7/99     20.8G   0.03663   0.02204         0   0.05867       114       640    0.9301    0.8727    0.9359    0.6287    0.5696   0.03248    0.0139         0
      8/99     20.8G   0.03585   0.02152         0   0.05736        98       640    0.9176    0.8504    0.9245    0.5995    0.5552   0.03282   0.01466         0
      9/99     20.8G   0.03519   0.02129         0   0.05648       121       640    0.7197    0.6282    0.6652    0.2852      0.32   0.04979    0.0183         0
     10/99     20.8G   0.03479   0.02115         0   0.05594       129       640    0.9325    0.8868    0.9419    0.6616     0.588   0.03117   0.01369         0
     11/99     20.8G   0.03412   0.02075         0   0.05487       110       640    0.9125     0.841    0.9099     0.592    0.5478   0.03417   0.01459         0
     12/99     20.8G   0.03392   0.02081         0   0.05473        98       640    0.6706    0.5436     0.572    0.2401    0.2766   0.05536    0.0195         0
     13/99     20.8G   0.03353    0.0205         0   0.05404        93       640    0.8684    0.8223    0.8832    0.5448    0.5173     0.036   0.01536         0
     14/99     20.8G   0.03311   0.02022         0   0.05333        95       640    0.8644    0.7928    0.8632    0.4932    0.4894   0.03896    0.0155         0
     15/99     20.8G   0.03295   0.02043         0   0.05338        80       640    0.9353     0.869    0.9394    0.6419    0.5822    0.0315   0.01373         0
     16/99     20.8G   0.03263   0.02011         0   0.05274       108       640    0.9379    0.8769    0.9445    0.6579    0.5939   0.03081   0.01344         0
     17/99     20.8G   0.03242   0.02003         0   0.05244       126       640     0.906    0.8186    0.8932    0.5692    0.5364   0.03558   0.01463         0
     18/99     20.8G   0.03216   0.01982         0   0.05198       120       640    0.9474    0.8927    0.9556    0.7086    0.6234   0.02907   0.01284         0
     19/99     20.8G   0.03196    0.0197         0   0.05166        95       640    0.9229    0.8771    0.9374    0.6626    0.5954   0.03113    0.0136         0
     20/99     20.8G   0.03162   0.01969         0   0.05131       121       640    0.9121    0.8768      0.93    0.6299     0.575   0.03251   0.01372         0
     21/99     20.8G   0.03138   0.01926         0   0.05064        91       640    0.9264    0.8749    0.9357    0.6409    0.5823   0.03206   0.01349         0
     22/99     20.8G   0.03122   0.01945         0   0.05066       104       640    0.9451    0.8903    0.9494    0.6677    0.6053   0.03038   0.01307         0
     23/99     20.8G     0.031   0.01933         0   0.05033       124       640    0.9434     0.898    0.9536    0.6758    0.6093   0.03013   0.01282         0
     24/99     20.8G   0.03082   0.01937         0   0.05018       105       640    0.9293    0.8975    0.9477    0.6641    0.5961   0.03076   0.01317         0
     25/99     20.8G   0.03077   0.01936         0   0.05013       102       640    0.9384    0.8943    0.9489    0.6742    0.6027    0.0302     0.013         0
     26/99     20.8G   0.03057    0.0191         0   0.04966        87       640    0.9169    0.8611    0.9215    0.6163    0.5635   0.03297   0.01381         0
     27/99     20.8G   0.03045   0.01912         0   0.04957       141       640    0.9236     0.864     0.924    0.6233    0.5697   0.03242   0.01362         0
     28/99     20.8G   0.03034   0.01903         0   0.04937       105       640     0.934    0.8874    0.9436    0.6742     0.603    0.0304   0.01321         0
     29/99     20.8G   0.03016   0.01876         0   0.04891       107       640     0.941    0.8902    0.9507    0.6843    0.6042   0.02996     0.013         0
     30/99     20.8G   0.03011   0.01892         0   0.04903        92       640    0.9382    0.9015    0.9509    0.6779    0.6021    0.0298    0.0131         0
     31/99     20.8G   0.02994   0.01877         0   0.04872       106       640    0.9358    0.9062    0.9539    0.6934    0.6155    0.0296   0.01261         0
     32/99     20.8G   0.02967   0.01865         0   0.04832       112       640    0.9419    0.9057    0.9551    0.6766    0.6054   0.03015   0.01259         0
     33/99     20.8G   0.02959   0.01866         0   0.04825        92       640    0.9409    0.8956    0.9505      0.66    0.5946   0.03055   0.01294         0
     34/99     20.8G   0.02957   0.01849         0   0.04806       109       640    0.9338    0.9015      0.95     0.661    0.6004   0.03049   0.01284         0
     35/99     20.8G   0.02934   0.01841         0   0.04775       107       640    0.9286     0.883    0.9415    0.6509    0.5906   0.03096   0.01317         0
     36/99     20.8G   0.02914   0.01834         0   0.04747       104       640     0.938    0.8947    0.9497    0.6751    0.6032   0.02999   0.01286         0
     37/99     20.8G    0.0292   0.01815         0   0.04735       121       640    0.9313    0.8879    0.9452    0.6723    0.5985   0.03002   0.01308         0
     38/99     20.8G    0.0291   0.01849         0   0.04759       110       640    0.9414    0.8947    0.9526    0.6889    0.6127   0.02941   0.01272         0
     39/99     20.8G   0.02896   0.01825         0   0.04721        86       640    0.9425    0.8838     0.948    0.6796    0.6069   0.02982   0.01306         0
     40/99     20.8G   0.02875   0.01824         0   0.04699        76       640    0.9281    0.9005     0.949    0.6695    0.6026   0.02999    0.0129         0
     41/99     20.8G   0.02869   0.01806         0   0.04675        92       640    0.9424    0.9071    0.9563    0.6817    0.6088   0.02923   0.01271         0
     42/99     20.8G   0.02849   0.01808         0   0.04657       105       640    0.9422    0.9015    0.9556    0.6886     0.612   0.02906   0.01273         0
     43/99     20.8G   0.02846   0.01797         0   0.04643       109       640    0.9442    0.8966     0.956    0.6912    0.6151   0.02917   0.01265         0
     44/99     20.8G   0.02833   0.01801         0   0.04634       102       640    0.9449    0.8899    0.9481      0.69    0.6105   0.02948   0.01284         0
     45/99     20.8G   0.02825   0.01787         0   0.04612       107       640    0.9451    0.8984    0.9534    0.6938    0.6133   0.02906   0.01267         0
     46/99     20.8G   0.02825   0.01773         0   0.04598       105       640    0.9338    0.8977    0.9486     0.678    0.6046   0.02945    0.0128         0
     47/99     20.8G     0.028   0.01785         0   0.04586        86       640    0.9379    0.9048     0.955    0.6798    0.6037   0.02915   0.01271         0
     48/99     20.8G    0.0278   0.01759         0   0.04539       126       640     0.942    0.8994    0.9527    0.6866     0.605   0.02906   0.01286         0
     49/99     20.8G   0.02779   0.01773         0   0.04551        90       640    0.9458    0.8954    0.9526    0.6848    0.6055   0.02915   0.01281         0
     50/99     20.8G    0.0277   0.01753         0   0.04523       107       640    0.9448    0.8998     0.955    0.6865    0.6083   0.02899   0.01268         0
     51/99     20.8G   0.02756    0.0176         0   0.04516       116       640    0.9461    0.9014    0.9571    0.6894    0.6068   0.02892   0.01271         0
     52/99     20.8G   0.02742   0.01747         0   0.04489       102       640    0.9389    0.9034    0.9551    0.6854    0.6049    0.0292   0.01281         0
     53/99     20.8G   0.02737   0.01751         0   0.04488       115       640    0.9542    0.8977    0.9587    0.6964    0.6091   0.02888   0.01259         0
     54/99     20.8G   0.02725   0.01738         0   0.04464        77       640    0.9554    0.9006    0.9626    0.7063     0.617   0.02837   0.01249         0
     55/99     20.8G   0.02729   0.01742         0    0.0447       106       640    0.9498    0.9048    0.9615    0.6971    0.6123    0.0286   0.01256         0
     56/99     20.8G   0.02695   0.01714         0   0.04409       112       640    0.9539    0.8943    0.9571    0.6847    0.6054   0.02897   0.01275         0
     57/99     20.8G   0.02706   0.01718         0   0.04424       123       640    0.9481    0.9014    0.9572     0.688    0.6087   0.02887   0.01272         0
     58/99     20.8G   0.02685   0.01724         0   0.04409       106       640    0.9485    0.8983    0.9556    0.7002    0.6139   0.02869   0.01274         0
     59/99     20.8G   0.02668   0.01712         0    0.0438        93       640     0.945    0.8966    0.9529    0.6998    0.6143   0.02875   0.01279         0
     60/99     20.8G   0.02656   0.01687         0   0.04343       111       640    0.9495    0.8966    0.9539    0.7006    0.6142   0.02866    0.0128         0
     61/99     20.8G   0.02643   0.01691         0   0.04334        85       640    0.9494    0.8948    0.9549    0.6951    0.6107   0.02877   0.01281         0
     62/99     20.8G   0.02639    0.0169         0   0.04328       118       640    0.9406    0.9022    0.9556    0.6921    0.6105   0.02881    0.0128         0
     63/99     20.8G   0.02629    0.0169         0   0.04318       105       640    0.9391    0.9062     0.956    0.6906    0.6078   0.02886   0.01275         0
     64/99     20.8G   0.02625   0.01698         0   0.04323       115       640    0.9461    0.9036    0.9572     0.694    0.6104    0.0287   0.01272         0
     65/99     20.8G   0.02595   0.01673         0   0.04267       107       640    0.9417     0.908    0.9566    0.6966    0.6124   0.02862   0.01274         0
     66/99     20.8G   0.02581   0.01666         0   0.04247        84       640    0.9482    0.9037    0.9569    0.6956    0.6119   0.02857   0.01268         0
     67/99     20.8G   0.02576   0.01667         0   0.04243        98       640    0.9464    0.9061    0.9564    0.6957    0.6118   0.02857   0.01268         0
     68/99     20.8G   0.02576   0.01645         0    0.0422       121       640    0.9464    0.9046    0.9558    0.6942    0.6127   0.02861   0.01269         0
     69/99     20.8G    0.0256   0.01639         0   0.04199       114       640    0.9436    0.9025    0.9553    0.6935    0.6116   0.02875   0.01276         0
     70/99     20.8G   0.02553   0.01646         0   0.04198       124       640    0.9419    0.9058    0.9558    0.6916    0.6108   0.02873   0.01275         0
     71/99     20.8G   0.02548   0.01646         0   0.04194        98       640    0.9445    0.9046    0.9569    0.6918    0.6114    0.0287   0.01274         0
     72/99     20.8G   0.02532   0.01631         0   0.04163       106       640    0.9456    0.9033     0.957    0.6895    0.6099   0.02877   0.01277         0
     73/99     20.8G    0.0252   0.01632         0   0.04152       112       640    0.9499     0.901    0.9574    0.6857    0.6102   0.02878   0.01279         0
     74/99     20.8G    0.0251   0.01623         0   0.04133        96       640    0.9481    0.9007    0.9568    0.6916    0.6111   0.02877   0.01283         0
     75/99     20.8G   0.02501   0.01634         0   0.04135       123       640     0.947    0.9011    0.9566    0.6904     0.611   0.02877   0.01286         0
     76/99     20.8G   0.02489    0.0162         0   0.04109        84       640    0.9482    0.8992    0.9564    0.6884    0.6109   0.02874   0.01287         0
     77/99     20.8G   0.02479   0.01605         0   0.04084        95       640    0.9408    0.9056    0.9562    0.6905    0.6113   0.02871   0.01288         0
     78/99     20.8G   0.02465   0.01602         0   0.04067       103       640    0.9472    0.8997     0.956    0.6896     0.611   0.02871   0.01288         0
     79/99     20.8G   0.02469   0.01602         0   0.04071       101       640    0.9461    0.9011    0.9564    0.6895    0.6105   0.02873   0.01291         0
     80/99     20.8G    0.0245   0.01597         0   0.04047       101       640    0.9361    0.9086    0.9558    0.6912    0.6102   0.02879   0.01293         0
     81/99     20.8G   0.02438   0.01585         0   0.04023       103       640    0.9374    0.9074    0.9555      0.69    0.6096   0.02881   0.01296         0
     82/99     20.8G   0.02436   0.01611         0   0.04047       112       640    0.9468    0.8993    0.9559    0.6908    0.6093   0.02884   0.01298         0
     83/99     20.8G   0.02425   0.01574         0   0.03998       109       640    0.9436     0.903    0.9553    0.6908    0.6091   0.02885     0.013         0
     84/99     20.8G   0.02419    0.0158         0   0.03999       132       640    0.9443    0.9022    0.9556    0.6913    0.6093   0.02886   0.01301         0
     85/99     20.8G   0.02408   0.01556         0   0.03964       107       640    0.9446    0.9018    0.9555    0.6923    0.6093   0.02885   0.01302         0
     86/99     20.8G   0.02393   0.01558         0   0.03951       116       640    0.9386    0.9073    0.9561    0.6918    0.6095   0.02883   0.01302         0
     87/99     20.8G   0.02368   0.01562         0    0.0393       113       640     0.943     0.903    0.9555    0.6936    0.6096   0.02882   0.01304         0
     88/99     20.8G   0.02389   0.01558         0   0.03946       100       640    0.9424    0.9029    0.9552    0.6953    0.6102   0.02881   0.01307         0
     89/99     20.8G   0.02355   0.01559         0   0.03914       117       640    0.9418    0.9039    0.9552    0.6942    0.6101   0.02879   0.01307         0
     90/99     20.8G    0.0237    0.0155         0    0.0392        97       640    0.9466    0.8984    0.9547    0.6943      0.61   0.02879   0.01308         0
     91/99     20.8G   0.02353   0.01563         0   0.03916        91       640    0.9427    0.9019    0.9549    0.6962    0.6102   0.02879   0.01308         0
     92/99     20.8G   0.02347   0.01546         0   0.03893       104       640    0.9467     0.899     0.955    0.6943      0.61   0.02878   0.01309         0
     93/99     20.8G   0.02332   0.01529         0   0.03862        84       640    0.9374    0.9078     0.955    0.6952    0.6101   0.02879   0.01309         0
     94/99     20.8G   0.02315   0.01534         0   0.03849        95       640    0.9376    0.9067     0.955    0.6933    0.6097   0.02879    0.0131         0
     95/99     20.8G   0.02321    0.0153         0   0.03851        88       640    0.9381    0.9069    0.9549    0.6925    0.6093    0.0288   0.01312         0
     96/99     20.8G   0.02305   0.01517         0   0.03823       110       640    0.9385    0.9062    0.9549    0.6932    0.6095   0.02882   0.01313         0
     97/99     20.8G   0.02308   0.01521         0   0.03829       106       640    0.9383    0.9077     0.955    0.6928    0.6091   0.02883   0.01314         0
     98/99     20.8G   0.02303   0.01509         0   0.03813        94       640    0.9394    0.9054    0.9547    0.6919    0.6087   0.02885   0.01316         0
     99/99     20.8G   0.02303   0.01527         0   0.03831       104       640    0.9397    0.9043    0.9546    0.6906    0.6079   0.02887   0.01318         0
