      0/99     19.6G     0.105    0.0754   0.03384    0.2142       178       640  0.009539   0.04392   0.00209 5.863e-06 0.0003135   0.09754   0.06732   0.03357
      1/99     19.5G   0.08962   0.05979   0.02447    0.1739       186       640    0.3401    0.2576   0.09978  0.004477   0.02607   0.07427   0.06662   0.02483
      2/99     19.5G   0.07474   0.05222   0.01957    0.1465       187       640    0.2668   0.08163  0.006038  0.000668  0.001536   0.08575    0.0887   0.03041
      3/99     19.5G   0.06555   0.04747   0.01723    0.1302       254       640    0.8097    0.3216    0.3291   0.04799    0.1178   0.05797     0.053   0.01608
      4/99     19.5G   0.05449   0.04184   0.01466     0.111       194       640    0.6743    0.4375      0.48     0.222    0.2448   0.04251   0.04092   0.02128
      5/99     19.5G   0.04845    0.0387    0.0127   0.09986       156       640    0.7014    0.3452    0.3837    0.2011    0.2081   0.04756    0.1333   0.01508
      6/99     19.5G   0.04464   0.03598   0.01162   0.09224       177       640    0.8257    0.5349    0.5825    0.4375    0.3756   0.03535   0.03743   0.01221
      7/99     19.5G   0.04143   0.03438   0.01043   0.08624       162       640    0.8684    0.5702    0.6688    0.5375    0.4465   0.02976   0.03014   0.01111
      8/99     19.5G   0.04041   0.03349    0.0103    0.0842       259       640      0.75    0.5148    0.6245    0.4514    0.3979   0.03102   0.03427    0.0226
      9/99     19.5G   0.03861   0.03217  0.009143   0.07992       234       640    0.8817    0.5909    0.7059    0.5629    0.4764   0.02751   0.02782   0.01051
     10/99     19.5G   0.03649   0.03103  0.008809   0.07633       221       640    0.8898    0.5961    0.6811    0.5398    0.4665   0.02745   0.02732  0.008988
     11/99     19.5G   0.03592   0.03039  0.008133   0.07444       137       640    0.8552     0.594    0.7171    0.6186    0.5211   0.02583   0.02676   0.01299
     12/99     19.5G   0.03499   0.02888  0.007944   0.07181       174       640    0.8662     0.582    0.6785    0.6008    0.5006   0.02434   0.02444   0.01023
     13/99     19.5G   0.03375   0.02886  0.007449   0.07006       139       640    0.8716    0.6084    0.7014      0.64    0.5315   0.02323   0.02329   0.01077
     14/99     19.5G   0.03331   0.02745  0.007336   0.06809       141       640    0.8451    0.5774    0.6609    0.6098    0.5005   0.02401   0.02459   0.01088
     15/99     19.5G   0.03283   0.02774  0.006867   0.06743       157       640    0.8748    0.6092    0.6894    0.6411    0.5362   0.02223   0.02283  0.008682
     16/99     19.5G   0.03231   0.02741  0.006649   0.06637       227       640    0.8761    0.6354    0.7096    0.6755    0.5557   0.02204   0.02229  0.008745
     17/99     19.5G   0.03132   0.02672  0.006561   0.06459       146       640    0.8945    0.6225    0.6782    0.6373    0.5337   0.02159   0.02291  0.008409
     18/99     19.5G   0.03089   0.02654  0.006405   0.06384       195       640    0.9124    0.6061    0.7182    0.6824    0.5766   0.02083     0.021  0.009816
     19/99     19.5G   0.03091   0.02616  0.006105   0.06318       197       640    0.8454    0.6219    0.6826    0.6409    0.5392   0.02097   0.02114  0.009057
     20/99     19.5G   0.03034   0.02593  0.006221   0.06249       224       640    0.8733     0.604    0.6858    0.6541    0.5536   0.02039   0.02052  0.009036
     21/99     19.5G   0.02976   0.02559  0.005948    0.0613       151       640    0.9365    0.6153    0.7084    0.6783    0.5694   0.02049   0.02053  0.008539
     22/99     19.5G   0.02933   0.02485  0.005722    0.0599       182       640    0.8857    0.6321    0.6974    0.6711    0.5726   0.01955    0.0202  0.007918
     23/99     19.5G   0.02886   0.02409  0.005478   0.05843       211       640    0.8688    0.6213     0.697    0.6715     0.571   0.01958   0.01965   0.01045
     24/99     19.5G   0.02848   0.02451  0.005615   0.05861       209       640    0.9329    0.6346    0.7033    0.6833    0.5887   0.01877   0.01936  0.006892
     25/99     19.5G   0.02843   0.02451  0.005479   0.05843       143       640    0.9202    0.6265    0.7172    0.6927    0.5911   0.01952   0.01942  0.007335
     26/99     19.5G   0.02814   0.02424  0.005359   0.05774       177       640    0.9169    0.6486    0.7144    0.6983    0.6022   0.01859   0.01861   0.00657
     27/99     19.5G   0.02784   0.02427  0.005266   0.05738       161       640    0.9055    0.6606    0.7117    0.6948    0.5986   0.01855   0.01848  0.007026
     28/99     19.5G   0.02769   0.02348  0.005668   0.05684       191       640    0.8973    0.6314    0.6918    0.6621    0.5711   0.01895    0.0188   0.01048
     29/99     19.5G   0.02728   0.02339  0.005355   0.05602       210       640    0.8987    0.6206    0.6927    0.6778    0.5803   0.01845   0.01875  0.007448
     30/99     19.5G   0.02699   0.02303  0.005052   0.05507       167       640    0.9029    0.6655    0.7078    0.6943    0.5921   0.01834   0.01828  0.006827
     31/99     19.5G   0.02625   0.02244  0.004935   0.05362       134       640    0.9168    0.6469    0.7135    0.6998    0.6077   0.01776   0.01751  0.007114
     32/99     19.5G   0.02638   0.02282  0.004883   0.05408       191       640     0.913    0.6371    0.7073    0.6906    0.5974   0.01775    0.0177  0.009185
     33/99     19.5G   0.02608   0.02259  0.004733   0.05341       200       640    0.9361    0.6549    0.7169    0.7059    0.6166    0.0172   0.01729  0.005945
     34/99     19.5G   0.02617   0.02238  0.004786   0.05333       174       640    0.9185    0.6502    0.7174    0.7053     0.616   0.01733   0.01743  0.006983
     35/99     19.5G   0.02604   0.02261  0.004541   0.05319       139       640    0.9254    0.6515    0.7132    0.6944    0.6075   0.01744   0.01805  0.007162
     36/99     19.5G   0.02556   0.02252  0.004666   0.05275       145       640    0.9299    0.6597     0.728    0.7184    0.6217   0.01722   0.01699  0.005884
     37/99     19.5G   0.02546   0.02168   0.00465   0.05179       195       640    0.9241    0.6424    0.7079    0.6986    0.6158   0.01669    0.0165   0.00617
     38/99     19.5G    0.0253   0.02216  0.004602   0.05206       283       640    0.9389    0.6606    0.7339    0.7226    0.6318   0.01682   0.01668  0.005643
     39/99     19.5G   0.02531   0.02176  0.004515   0.05159       107       640     0.933    0.6409    0.7201    0.7063    0.6191   0.01695   0.01676   0.00694
     40/99     19.5G   0.02468   0.02135  0.004369   0.05039       144       640    0.9452    0.6579    0.7296     0.722     0.638   0.01629   0.01656  0.005323
     41/99     19.5G   0.02467   0.02159  0.004547   0.05081       168       640    0.9384    0.6515    0.7278    0.7182    0.6287   0.01649   0.01616  0.005847
     42/99     19.5G   0.02472   0.02119  0.004175   0.05009       141       640    0.9078    0.6588    0.7282    0.7194    0.6334   0.01626   0.01624  0.007417
     43/99     19.5G   0.02441   0.02138  0.004215   0.05001       220       640    0.9374    0.6694     0.765    0.7563    0.6652    0.0164   0.01621  0.005528
     44/99     19.5G   0.02415   0.02093  0.004298   0.04938       244       640    0.9478    0.6467    0.7521    0.7446    0.6574   0.01625   0.01616  0.005453
     45/99     19.5G   0.02375   0.02095  0.004032   0.04873       189       640    0.9436     0.662    0.7408     0.733    0.6406   0.01623   0.01595  0.005287
     46/99     19.5G   0.02356    0.0202   0.00402   0.04778       249       640    0.9394    0.6619    0.7404    0.7302    0.6524   0.01569   0.01566  0.005648
     47/99     19.5G   0.02357   0.02056  0.004246   0.04838       135       640    0.9355    0.6673    0.7339    0.7255    0.6411    0.0161   0.01593  0.005227
     48/99     19.5G   0.02368   0.02059  0.003943   0.04821       283       640    0.9405    0.6645    0.7723    0.7637    0.6781   0.01562   0.01539   0.00525
     49/99     19.5G   0.02356   0.02061  0.004006   0.04817       154       640    0.9318    0.6768    0.7744    0.7648     0.675    0.0157   0.01553  0.005084
     50/99     19.5G   0.02363   0.02061  0.003963   0.04821       155       640    0.9222    0.6622    0.7721    0.7641    0.6815   0.01542   0.01509  0.006095
     51/99     19.5G   0.02312   0.02017  0.004038   0.04733       266       640    0.9432    0.6713    0.8096    0.8038    0.7127   0.01535   0.01515  0.005161
     52/99     19.5G   0.02275   0.01998  0.003784   0.04651       183       640    0.9356    0.6732    0.7673    0.7612    0.6699   0.01578   0.01528  0.005044
     53/99     19.5G    0.0228   0.02001  0.003889   0.04671       163       640    0.9283    0.6834    0.7627    0.7569    0.6802   0.01518   0.01472  0.004698
     54/99     19.5G   0.02286   0.02016  0.003781    0.0468       135       640    0.9282    0.6586    0.7675      0.76    0.6799   0.01553   0.01512  0.005061
     55/99     19.5G   0.02239   0.01942  0.003701   0.04551       223       640     0.675    0.7905    0.7892    0.7812    0.6946    0.0151   0.01481   0.00605
     56/99     19.5G   0.02247   0.01964  0.003745   0.04586       241       640    0.9435    0.6665    0.8046    0.7989     0.709   0.01497   0.01461  0.005398
     57/99     19.5G   0.02254   0.01994  0.003569   0.04605       163       640    0.6138    0.8408    0.8149    0.8088    0.7149   0.01519   0.01479  0.004672
     58/99     19.5G    0.0223    0.0194  0.003783   0.04549       161       640     0.756    0.7691     0.802    0.7967    0.7033   0.01519    0.0148  0.004973
     59/99     19.5G   0.02214   0.01959   0.00359   0.04533       168       640    0.9374    0.6787    0.7929    0.7726    0.6946   0.01519   0.01462  0.004845
     60/99     19.5G   0.02208   0.01921  0.003579   0.04487       197       640    0.9416    0.6692    0.7963    0.7904    0.6964   0.01487    0.0143  0.004796
     61/99     19.5G   0.02184   0.01931  0.003672   0.04482       174       640     0.722    0.8168     0.822    0.8163    0.7317    0.0148   0.01434  0.005007
     62/99     19.5G   0.02154   0.01904  0.003549   0.04413       157       640    0.9423    0.6635    0.7883    0.7817    0.6952   0.01493   0.01482   0.00512
     63/99     19.5G    0.0213   0.01869  0.003604    0.0436       212       640    0.7086    0.7881    0.8043    0.7998    0.7218    0.0146   0.01422  0.005073
     64/99     19.5G   0.02156    0.0189  0.003386   0.04385       156       640    0.7046    0.7972    0.8108    0.8063     0.715    0.0147   0.01423  0.004501
     65/99     19.5G   0.02134   0.01858  0.003402   0.04332       198       640    0.8418    0.7536    0.8028    0.7977    0.7071   0.01487   0.01431  0.004821
     66/99     19.5G   0.02119   0.01873  0.003354   0.04328       187       640    0.9346    0.6856    0.7924    0.7863    0.7001   0.01474   0.01411  0.004413
     67/99     19.5G   0.02121   0.01879   0.00331    0.0433       189       640    0.7991    0.7836    0.8041    0.7987    0.7106   0.01458   0.01407  0.004821
     68/99     19.5G   0.02111   0.01867  0.003327   0.04311       233       640    0.8018    0.7878    0.8062    0.8005    0.7128   0.01436   0.01391  0.005018
     69/99     19.5G   0.02109   0.01869  0.003437   0.04322       195       640    0.7901     0.787    0.8108     0.807    0.7204   0.01452   0.01402  0.005123
     70/99     19.5G   0.02078    0.0183  0.003282   0.04236       221       640    0.7741     0.787    0.8058    0.8018    0.7106   0.01461   0.01402  0.004769
     71/99     19.5G   0.02075   0.01817  0.003252   0.04217       242       640    0.8778    0.7764     0.815    0.8103    0.7219   0.01433   0.01377  0.004793
     72/99     19.5G   0.02087   0.01872  0.003203   0.04279       166       640    0.8831    0.7836    0.8254    0.8225     0.734   0.01428   0.01379  0.004661
     73/99     19.5G   0.02056   0.01809  0.003235   0.04189       130       640    0.9023    0.7771    0.8113    0.8071    0.7232   0.01421   0.01358  0.004922
     74/99     19.5G   0.02072   0.01818   0.00313   0.04204       124       640    0.8398    0.7725    0.7989    0.7931    0.7131    0.0144   0.01377  0.004626
     75/99     19.5G   0.02039   0.01799  0.003211   0.04159       193       640    0.8983     0.755    0.8172    0.8129    0.7373   0.01416   0.01357  0.004468
     76/99     19.5G   0.02048   0.01762  0.003042   0.04114       267       640    0.9127    0.7681    0.8088    0.8029    0.7152    0.0142   0.01366  0.004546
     77/99     19.5G   0.02013   0.01768  0.002911   0.04072       244       640    0.8599    0.7608    0.8057    0.8004    0.7288   0.01384   0.01334  0.004938
     78/99     19.5G   0.02017   0.01775  0.003105   0.04102       220       640    0.9192    0.7634    0.8118    0.8073    0.7249   0.01417   0.01355  0.004821
     79/99     19.5G   0.01981   0.01737   0.00303   0.04021       135       640    0.9417    0.7583    0.8112    0.8064    0.7299   0.01413   0.01351   0.00465
     80/99     19.5G   0.02019   0.01802  0.002974   0.04118       220       640    0.9224     0.769    0.8119    0.8097    0.7238   0.01387   0.01323  0.004595
     81/99     19.5G   0.01996   0.01759  0.003081   0.04063       231       640    0.9235    0.7698    0.8081    0.7826    0.7113   0.01426   0.01354  0.004399
     82/99     19.5G   0.01992   0.01766  0.002921   0.04051       182       640    0.9345     0.746    0.8059    0.7859    0.7087   0.01419   0.01356  0.004633
     83/99     19.5G    0.0197   0.01752  0.003017   0.04023       212       640    0.8214    0.7746    0.8015    0.7974     0.722   0.01388   0.01326  0.004397
     84/99     19.5G   0.01946   0.01727  0.002927   0.03966       220       640    0.8297    0.7734    0.8004    0.7802    0.7077   0.01385   0.01317  0.004426
     85/99     19.5G    0.0195   0.01722  0.002943   0.03966       174       640    0.9402    0.7554    0.8085     0.781    0.7111   0.01407   0.01339  0.004606
     86/99     19.5G   0.01944   0.01697  0.002833   0.03924       202       640    0.8876    0.7549     0.798    0.7722    0.7094   0.01387   0.01322  0.004479
     87/99     19.5G   0.01954   0.01719  0.002802   0.03953       144       640    0.9074    0.7355    0.8003    0.7972    0.7178   0.01382   0.01313  0.004802
     88/99     19.5G   0.01959   0.01705  0.002869   0.03951       160       640    0.8719    0.7433    0.7954     0.793    0.7227   0.01368   0.01304  0.004412
     89/99     19.5G   0.01954   0.01739  0.002802   0.03973       202       640     0.822     0.768    0.7973    0.7933    0.7244   0.01377   0.01304  0.004353
     90/99     19.5G   0.01946   0.01716  0.002623   0.03924       130       640    0.8525    0.7614    0.7946    0.7749    0.7101   0.01378    0.0131  0.004485
     91/99     19.5G   0.01932   0.01704   0.00282   0.03917       226       640    0.8527     0.761    0.8034    0.7789    0.7127   0.01396   0.01329  0.004549
     92/99     19.5G   0.01964    0.0173  0.002793   0.03973       167       640     0.858    0.7632    0.7933    0.7731    0.7124   0.01377   0.01312  0.004351
     93/99     19.5G   0.01957   0.01716  0.002717   0.03944       185       640    0.8532    0.7614    0.8046    0.7836    0.7186   0.01377   0.01303   0.00451
     94/99     19.5G   0.01913   0.01712  0.002678   0.03893       171       640    0.8583    0.7632    0.8172     0.796    0.7282   0.01378   0.01313  0.004131
     95/99     19.5G   0.01941     0.017  0.002797   0.03921       144       640    0.8282    0.7662    0.7956    0.7764    0.7146   0.01376   0.01305  0.004506
     96/99     19.5G    0.0191   0.01703  0.002735   0.03886       162       640    0.8649    0.7497    0.7956    0.7925    0.7176   0.01367   0.01296  0.004514
     97/99     19.5G   0.01923   0.01672  0.002711   0.03866       273       640    0.8708    0.7529    0.8018    0.7776    0.7182   0.01357   0.01284  0.004319
     98/99     19.5G   0.01923   0.01703  0.002838    0.0391       143       640    0.8681    0.7486    0.8038    0.7776    0.7148   0.01364   0.01304  0.004378
     99/99     19.5G   0.01941   0.01719  0.002636   0.03924       203       640    0.7911    0.8129    0.8128    0.7881    0.7196   0.01378   0.01307  0.004464
