      0/99     23.4G    0.1035   0.07671   0.03426    0.2145       227       640  0.008312   0.02714  0.001502 1.664e-05 0.0002825   0.09714   0.07294   0.03414
      1/99     20.6G   0.08772   0.05864   0.02326    0.1696       227       640    0.3908    0.1974    0.1097  0.003377   0.02446   0.08385    0.1209    0.0212
      2/99     20.6G   0.07383    0.0501   0.01821    0.1422       263       640    0.4795    0.1572    0.1658   0.02841   0.06015   0.07089     0.157   0.02299
      3/99     20.6G   0.06459   0.04426    0.0159    0.1248       236       640    0.6209    0.4291     0.403    0.1104    0.1712    0.0511   0.04375   0.01639
      4/99     20.6G   0.05384   0.03887    0.0138    0.1065       176       640    0.7392    0.4472    0.5111    0.2357    0.2652   0.04253   0.04236   0.01904
      5/99     20.6G   0.04712   0.03521   0.01174   0.09408       191       640    0.7397    0.4873    0.5753    0.3743    0.3373   0.03559   0.03336   0.02265
      6/99     20.6G   0.04355   0.03291    0.0105   0.08695       239       640    0.8402    0.5659     0.636    0.5028    0.4176   0.03055   0.02949   0.01223
      7/99     20.6G   0.04052   0.03183  0.009621   0.08197       154       640    0.8632     0.557    0.6501    0.5119    0.4295    0.0285    0.0273   0.01251
      8/99     20.6G   0.03902   0.03052  0.009028   0.07856       195       640     0.896    0.5957    0.6631     0.565    0.4623   0.02783   0.02643  0.009861
      9/99     20.6G   0.03732   0.02902  0.008691   0.07503       171       640    0.8759    0.5989    0.6878    0.5927    0.4867   0.02637   0.02534  0.009802
     10/99     20.6G   0.03584   0.02886  0.008154   0.07285       128       640    0.8896    0.6156    0.7229    0.6179    0.5314   0.02365   0.02249  0.009035
     11/99     20.6G   0.03558   0.02789  0.008025    0.0715       176       640    0.9063    0.6142    0.7391    0.6323    0.5392   0.02349    0.0222   0.00829
     12/99     20.6G   0.03391   0.02743  0.007407   0.06875       139       640     0.877    0.5877    0.7282    0.6176    0.5382    0.0231   0.02188   0.01361
     13/99     20.6G   0.03321   0.02693  0.006849   0.06699       157       640    0.8992    0.6071    0.7309    0.6862    0.5751   0.02179   0.02114  0.009356
     14/99     20.6G   0.03262   0.02656  0.006537   0.06572       241       640    0.8634    0.6033      0.68    0.6476    0.5376   0.02174   0.02092  0.009989
     15/99     20.6G   0.03194    0.0256  0.006671   0.06421       193       640    0.8787    0.6217     0.722     0.663    0.5478   0.02236   0.02074    0.0111
     16/99     20.6G   0.03129   0.02569   0.00627   0.06326       183       640    0.9049    0.6088    0.7175    0.6942    0.5708   0.02088   0.02073   0.01065
     17/99     20.6G   0.03073   0.02476   0.00609   0.06158       283       640    0.8362    0.5717    0.6843    0.6477    0.5541   0.02062   0.01967   0.01397
     18/99     20.6G    0.0302   0.02491   0.00595   0.06106       204       640    0.8931    0.6181    0.7141    0.6949    0.5905   0.01985   0.01896   0.01076
     19/99     20.6G   0.02991   0.02446  0.005891   0.06026       201       640    0.8817     0.603    0.6966    0.6677    0.5684   0.01974   0.01886   0.01105
     20/99     20.6G   0.02929   0.02423  0.005582    0.0591       207       640    0.9123    0.6518    0.7178    0.7008    0.5975   0.01919   0.01827  0.006883
     21/99     20.6G   0.02843   0.02343  0.005617   0.05747       173       640    0.9073    0.6261     0.711    0.6864    0.5952   0.01839   0.01743  0.007678
     22/99     20.6G   0.02884   0.02354  0.005399   0.05778       189       640    0.8905    0.6469    0.7191    0.6999    0.6054   0.01834    0.0176  0.007497
     23/99     20.6G   0.02851   0.02344  0.005421   0.05737       172       640    0.9295    0.6481    0.7119    0.6946    0.6057   0.01774   0.01713  0.006831
     24/99     20.6G   0.02787    0.0231  0.005063   0.05603       211       640    0.9074    0.6504     0.702    0.6853    0.5867   0.01833   0.01786  0.006481
     25/99     20.6G   0.02735    0.0226  0.005168   0.05512       174       640    0.8336    0.6322    0.6503    0.6361    0.5489    0.0181    0.0172   0.01038
     26/99     20.6G   0.02717   0.02252  0.005014   0.05471       208       640    0.8965    0.6187    0.6888    0.6752    0.5863   0.01796   0.01728  0.006892
     27/99     20.6G   0.02708   0.02265  0.004717   0.05444       201       640    0.9225    0.6509    0.7092    0.6972    0.6092   0.01745   0.01674  0.006552
     28/99     20.6G   0.02705   0.02226  0.004756   0.05407       180       640    0.9193    0.6417    0.7109     0.698      0.61   0.01751   0.01662  0.007115
     29/99     20.6G    0.0264   0.02206  0.004625   0.05309       183       640    0.9323    0.6365    0.6997    0.6887     0.607   0.01687   0.01625  0.007564
     30/99     20.6G   0.02593   0.02164  0.004631    0.0522       229       640    0.9159    0.6395    0.6908    0.6756    0.5946   0.01738   0.01701  0.007505
     31/99     20.6G   0.02555   0.02138   0.00459   0.05152       211       640    0.9341    0.6539    0.7113    0.6995    0.6138   0.01704   0.01619  0.005927
     32/99     20.6G   0.02612   0.02181  0.004367    0.0523       174       640    0.8957    0.6315    0.7028    0.6931    0.6108   0.01654   0.01579  0.007764
     33/99     20.6G   0.02534   0.02104  0.004399   0.05079       146       640    0.9377     0.653    0.7254    0.7177    0.6295   0.01658   0.01668  0.005785
     34/99     20.6G   0.02542   0.02103  0.004341   0.05079       166       640    0.9363    0.6621    0.7407    0.7331    0.6565   0.01602   0.01532  0.005352
     35/99     20.6G   0.02494    0.0208  0.004311   0.05006       253       640    0.8922    0.6691    0.7047    0.6961    0.6225     0.016   0.01542  0.006125
     36/99     20.6G   0.02512    0.0211  0.004335   0.05056       191       640    0.9148     0.658    0.7427    0.7348    0.6522    0.0161   0.01523  0.006169
     37/99     20.6G   0.02499   0.02072  0.004207   0.04992       199       640    0.9204    0.6625    0.7162    0.7058    0.6259   0.01628   0.01543  0.006119
     38/99     20.6G   0.02459   0.02034  0.004214   0.04914       193       640    0.9321    0.6579    0.7195    0.7108    0.6289   0.01593   0.01519  0.005625
     39/99     20.6G   0.02433    0.0205  0.004034   0.04886       174       640    0.9221    0.6693    0.7239    0.7187    0.6315   0.01619   0.01532  0.005868
     40/99     20.6G   0.02446   0.02037  0.004035   0.04887       224       640    0.9295    0.6615    0.7411    0.7347    0.6649    0.0153   0.01461  0.005832
     41/99     20.6G   0.02414   0.02032  0.003983   0.04845       255       640    0.8918    0.6537    0.7032    0.6962    0.6213   0.01579   0.01491  0.006663
     42/99     20.6G   0.02364      0.02   0.00391   0.04755       155       640    0.9235    0.6623    0.7614    0.7554    0.6785   0.01551   0.01471  0.006481
     43/99     20.6G   0.02332   0.01966  0.003853   0.04683       187       640    0.9473    0.6803    0.7437    0.7386    0.6614    0.0158   0.01497  0.004458
     44/99     20.6G   0.02349   0.01945  0.003933   0.04687       212       640    0.9242    0.6693    0.7262    0.7188    0.6473    0.0153   0.01438  0.005551
     45/99     20.6G   0.02348   0.01973  0.003777   0.04699       173       640    0.9337    0.6766    0.7375    0.7309    0.6553   0.01533   0.01445  0.005034
     46/99     20.6G   0.02307   0.01954  0.003961   0.04657       192       640    0.9283    0.6736    0.7424    0.7371    0.6636   0.01507   0.01423  0.005198
     47/99     20.6G    0.0232   0.01961  0.003721   0.04653       167       640    0.9415    0.6548     0.745    0.7393     0.662   0.01515   0.01421  0.005654
     48/99     20.6G   0.02262   0.01933  0.003677   0.04562       274       640    0.9285    0.6644    0.7306    0.7248    0.6539   0.01462   0.01383  0.005557
     49/99     20.6G   0.02278   0.01963  0.003659   0.04607       216       640    0.9357    0.6558    0.7315    0.7276    0.6587   0.01468   0.01399   0.00505
     50/99     20.6G   0.02248   0.01917  0.003594   0.04524       221       640    0.9392    0.6539    0.7396    0.7349    0.6595   0.01502   0.01427  0.005538
     51/99     20.6G   0.02242   0.01886   0.00353   0.04481       184       640    0.9011    0.6634    0.7205    0.7159    0.6493   0.01458   0.01384   0.00614
     52/99     20.6G   0.02239   0.01892  0.003409   0.04472       132       640    0.9415    0.6434    0.7447    0.7383    0.6689   0.01468   0.01389  0.006366
     53/99     20.6G   0.02219   0.01897  0.003414   0.04457       194       640    0.9447     0.659    0.7566    0.7522    0.6813   0.01478    0.0139   0.00504
     54/99     20.6G   0.02192   0.01858  0.003438   0.04393       222       640    0.9282    0.6679    0.7443    0.7393    0.6661    0.0149   0.01402  0.004939
     55/99     20.6G   0.02183   0.01858  0.003466   0.04387       159       640    0.9562    0.6618    0.7622    0.7576    0.6923   0.01451   0.01355   0.00467
     56/99     20.6G   0.02182   0.01833  0.003464   0.04361       196       640    0.9216    0.6666    0.7523    0.7486    0.6767   0.01456   0.01363   0.00623
     57/99     20.6G   0.02151   0.01852  0.003298   0.04333       196       640    0.9265    0.6659    0.7674    0.7627    0.6937   0.01418   0.01326  0.005748
     58/99     20.6G   0.02144   0.01848  0.003235   0.04315       176       640    0.9421    0.6694    0.7639    0.7585    0.6937   0.01417   0.01327  0.004751
     59/99     20.6G   0.02136   0.01823  0.003312    0.0429       164       640    0.9411    0.6621    0.7454    0.7416     0.674   0.01451   0.01362  0.005105
     60/99     20.6G   0.02141    0.0185  0.003393    0.0433       213       640    0.9279     0.676    0.7402    0.7374    0.6738   0.01416   0.01324  0.004591
     61/99     20.6G    0.0214   0.01818  0.003241   0.04282       212       640    0.9444    0.6728    0.7522    0.7481    0.6835   0.01421   0.01349  0.004986
     62/99     20.6G   0.02093   0.01805  0.003237   0.04221       199       640    0.6359    0.7916    0.7616    0.7577    0.6905   0.01393     0.013  0.004492
     63/99     20.6G    0.0207   0.01771  0.003067   0.04148       207       640    0.9311    0.6537    0.7416    0.7382    0.6767   0.01397   0.01305  0.005282
     64/99     20.6G   0.02083   0.01792  0.003179   0.04193       172       640      0.94    0.6663    0.7593    0.7552    0.6906   0.01395   0.01287  0.004964
     65/99     20.6G   0.02049   0.01744  0.003086   0.04102       220       640    0.7383    0.7479    0.7583    0.7557    0.6877   0.01414   0.01334  0.004246
     66/99     20.6G   0.02081    0.0178  0.003031   0.04163       295       640    0.6975    0.7905    0.7949    0.7934    0.7243   0.01399   0.01322  0.004722
     67/99     20.6G   0.02063   0.01766  0.002982   0.04127       196       640    0.9359    0.6713    0.7462    0.7447    0.6789   0.01396   0.01307  0.004759
     68/99     20.6G   0.02018   0.01729   0.00296   0.04043       140       640    0.6312     0.808    0.7574    0.7551     0.694   0.01356    0.0127  0.004816
     69/99     20.6G   0.02018   0.01694  0.003035   0.04015       196       640    0.9408    0.6849    0.7538    0.7516    0.6866   0.01388   0.01302  0.004105
     70/99     20.6G   0.01993   0.01686  0.002944   0.03973       193       640    0.6691    0.7532    0.7413    0.7396    0.6799   0.01367   0.01276  0.004902
     71/99     20.6G   0.01995   0.01704  0.002763   0.03976       249       640    0.6432    0.8078    0.7703    0.7668     0.704   0.01373   0.01285  0.005026
     72/99     20.6G   0.01995     0.017  0.002982   0.03993       150       640    0.6916    0.7819    0.7713    0.7682    0.7011   0.01375   0.01291  0.004925
     73/99     20.6G    0.0197    0.0169  0.002875   0.03948       149       640    0.6482    0.7716    0.7605    0.7583    0.6944   0.01361   0.01271  0.004201
     74/99     20.6G   0.01981   0.01689   0.00292   0.03962       242       640    0.6262    0.7762    0.7439    0.7421    0.6856    0.0134   0.01245  0.004497
     75/99     20.6G   0.01987   0.01695   0.00288    0.0397       193       640    0.6934     0.739    0.7496    0.7471    0.6881   0.01351   0.01253  0.004546
     76/99     20.6G   0.01973   0.01688  0.002797   0.03941       161       640    0.7219    0.7828    0.7607    0.7592     0.699   0.01335   0.01246  0.004417
     77/99     20.6G   0.01926   0.01666  0.002734   0.03866       311       640     0.679     0.807    0.7649    0.7614    0.7036   0.01339   0.01241  0.005067
     78/99     20.6G   0.01954   0.01665  0.002625   0.03882       208       640    0.6883    0.8032    0.7651    0.7637    0.7021   0.01332   0.01237  0.004551
     79/99     20.6G   0.01947   0.01693  0.002823   0.03923       196       640    0.7022    0.8049    0.7736    0.7716    0.7138   0.01326   0.01219  0.004665
     80/99     20.6G   0.01917   0.01626  0.002719   0.03815       183       640    0.7943    0.7478    0.7662    0.7641    0.7051   0.01334   0.01237  0.004262
     81/99     20.6G   0.01922   0.01641  0.002698   0.03832       245       640    0.8044    0.7488    0.7711    0.7694    0.7086   0.01326   0.01227  0.004728
     82/99     20.6G   0.01918   0.01611  0.002689   0.03799       124       640    0.8188    0.7417    0.7656    0.7632    0.7053   0.01323   0.01226  0.004911
     83/99     20.6G   0.01897   0.01622  0.002622   0.03781       145       640    0.8439    0.7516    0.7672    0.7655    0.7056   0.01308   0.01215  0.004498
     84/99     20.6G   0.01871   0.01591  0.002585   0.03721       180       640    0.7199    0.8009    0.7666    0.7655    0.7072   0.01311   0.01221  0.004564
     85/99     20.6G   0.01895   0.01614  0.002544   0.03763       229       640    0.7945    0.7702    0.7725    0.7708    0.7116   0.01305   0.01206  0.004741
     86/99     20.6G   0.01899   0.01635   0.00247   0.03781       111       640    0.8906    0.7547    0.7867    0.7851    0.7284   0.01299   0.01205   0.00467
     87/99     20.6G   0.01887   0.01617  0.002511   0.03754       142       640    0.8265    0.7607    0.7749    0.7727    0.7153   0.01299   0.01196  0.004532
     88/99     20.6G   0.01878   0.01614    0.0026   0.03751       273       640     0.826    0.7458    0.7763    0.7742    0.7181   0.01281    0.0118  0.004489
     89/99     20.6G   0.01828   0.01552  0.002504    0.0363       178       640    0.8227    0.7685     0.787    0.7859    0.7279   0.01281   0.01174  0.004341
     90/99     20.6G   0.01829   0.01546  0.002411   0.03616       195       640    0.9379    0.7353    0.7965     0.794    0.7352   0.01294   0.01188  0.004343
     91/99     20.6G   0.01838   0.01566  0.002489   0.03653       162       640    0.8646    0.7412    0.7894    0.7879    0.7304   0.01248   0.01146  0.004953
     92/99     20.6G   0.01822   0.01548  0.002519   0.03622       146       640    0.7765    0.7954    0.7879    0.7872    0.7235   0.01286   0.01197  0.004042
     93/99     20.6G    0.0183   0.01534  0.002527   0.03616       182       640    0.7942    0.7394    0.7684    0.7676     0.717   0.01241   0.01143  0.004227
     94/99     20.6G   0.01789   0.01522  0.002538   0.03565       165       640    0.8014    0.7439     0.773    0.7719    0.7232   0.01241   0.01139  0.004295
     95/99     20.6G   0.01812   0.01533  0.002517   0.03597       188       640    0.7917    0.7714    0.7784    0.7769    0.7304   0.01224   0.01129  0.004581
     96/99     20.6G   0.01818    0.0153  0.002493   0.03597       206       640    0.7532    0.7737    0.7708    0.7699    0.7183   0.01246   0.01154   0.00452
     97/99     20.6G   0.01792   0.01509  0.002452   0.03545       173       640    0.8741    0.7401    0.7779    0.7764    0.7257   0.01231   0.01139  0.004505
     98/99     20.6G    0.0178   0.01485  0.002459   0.03511       136       640    0.8423    0.7658    0.7797    0.7785    0.7306   0.01224   0.01134  0.004524
     99/99     20.6G   0.01803   0.01498  0.002577   0.03558       179       640    0.8282    0.7618    0.7766    0.7758    0.7284   0.01211   0.01119  0.004332
