      0/99       21G    0.1038   0.07431   0.03345    0.2115       152       640  0.001208   0.03998 0.0001206 4.426e-07 1.925e-05    0.1101    0.7993   0.03607
      1/99     19.5G   0.08426   0.05661   0.02272    0.1636       185       640   0.05035    0.1262   0.02613 0.0005861  0.006397   0.08091    0.1164   0.02481
      2/99     19.5G   0.07121   0.05087   0.01865    0.1407        87       640    0.4539     0.259    0.2046   0.02512   0.06959   0.06812   0.09045   0.02256
      3/99     19.5G   0.05859   0.04461   0.01574     0.119       184       640    0.6128    0.4196     0.407    0.1855    0.2059   0.04579   0.04747   0.01911
      4/99     19.5G   0.05102   0.04011   0.01345    0.1046       170       640    0.7494    0.5269    0.5512    0.3162    0.3076   0.03946   0.03835    0.0136
      5/99     19.5G   0.04535   0.03762   0.01208   0.09504       144       640     0.851    0.5279    0.6268    0.4486     0.395    0.0329   0.03475   0.01423
      6/99     19.5G   0.04256   0.03527   0.01119   0.08902       186       640    0.8757    0.5561     0.693    0.5131    0.4524   0.03119   0.03244   0.01156
      7/99     19.5G   0.04008   0.03374  0.009936   0.08375        95       640    0.8735    0.5588    0.7399    0.5552    0.4848   0.02965   0.02966    0.0118
      8/99     19.5G   0.03911   0.03276  0.009484   0.08135       105       640    0.8648    0.5754    0.7309    0.5696    0.4906   0.02847   0.02995   0.01288
      9/99     19.5G   0.03758    0.0319   0.00874   0.07822       135       640    0.8662    0.5528    0.6863    0.5805    0.4751   0.02683   0.02833   0.01331
     10/99     19.5G   0.03623   0.03065   0.00853    0.0754       156       640    0.8847    0.5886    0.7119    0.5826    0.4976     0.026   0.02677   0.01117
     11/99     19.5G   0.03524   0.03004  0.008051   0.07333       160       640    0.8856    0.6109    0.7244     0.678     0.541   0.02421   0.02503  0.009847
     12/99     19.5G   0.03393   0.02866  0.007878   0.07046       184       640    0.8716     0.627    0.6922    0.6351    0.5263   0.02401   0.02385  0.008538
     13/99     19.5G   0.03337   0.02867  0.007401   0.06944        82       640    0.8464     0.609    0.6993    0.6485    0.5442    0.0224   0.02286   0.01013
     14/99     19.5G   0.03231   0.02699   0.00724   0.06654        83       640    0.7375    0.5996    0.5776    0.5382    0.4458   0.02367   0.02776   0.02092
     15/99     19.5G   0.03278   0.02789   0.00681   0.06748       167       640     0.899    0.5989    0.6921    0.6509    0.5378   0.02247   0.02277  0.008319
     16/99     19.5G   0.03147   0.02723  0.006833   0.06553       150       640    0.8849    0.5932    0.6718    0.6347    0.5353   0.02171   0.02233   0.01194
     17/99     19.5G   0.03106   0.02635  0.006519   0.06393       188       640    0.9037    0.6252    0.7066    0.6718    0.5696   0.02068   0.02128  0.008142
     18/99     19.5G   0.03072   0.02645  0.006345   0.06351       170       640    0.9051    0.6221    0.7192    0.6928    0.5858   0.02001   0.02026  0.009306
     19/99     19.5G   0.03001   0.02604  0.006301   0.06235       140       640    0.8886    0.6042    0.7138    0.6902    0.5777   0.02016   0.02121  0.008879
     20/99     19.5G   0.02973   0.02579   0.00619   0.06171        84       640     0.885    0.6259    0.6824    0.6518    0.5461   0.02071    0.0207  0.008215
     21/99     19.5G   0.02936   0.02552  0.005958   0.06085       154       640    0.8532    0.5968    0.6703    0.6467    0.5448   0.02051   0.02101   0.01114
     22/99     19.5G   0.02853   0.02476  0.005674   0.05897       101       640    0.8869    0.6226    0.6901    0.6726    0.5736   0.01906   0.01911  0.008679
     23/99     19.5G   0.02899    0.0244  0.005562   0.05896       206       640    0.9012    0.6239    0.7023    0.6806    0.5798   0.01949   0.01929  0.007888
     24/99     19.5G   0.02812   0.02451  0.005603   0.05824       205       640    0.9227    0.6492    0.7106    0.6936    0.5917   0.01888   0.01899  0.007019
     25/99     19.5G   0.02839   0.02465  0.005435   0.05848       101       640    0.9231    0.6437    0.7096    0.6935    0.5955   0.01888   0.01933  0.006716
     26/99     19.5G    0.0277   0.02425  0.005305   0.05726       174       640    0.9278    0.6639    0.7165    0.7019    0.6088   0.01817   0.01846  0.005694
     27/99     19.5G   0.02721   0.02404  0.005431   0.05669       167       640    0.9001    0.6592    0.7101    0.6967    0.6025   0.01842   0.01846  0.006663
     28/99     19.5G   0.02737   0.02332  0.005453   0.05614       135       640    0.9066    0.6606     0.708    0.6942    0.5947   0.01854   0.01849  0.006419
     29/99     19.5G    0.0271   0.02351  0.005224   0.05583       108       640    0.9292    0.6393    0.7238    0.6958    0.6032    0.0182   0.01831  0.006644
     30/99     19.5G   0.02683   0.02324  0.005212   0.05529       154       640    0.9189    0.6531    0.7157     0.704    0.6061   0.01795   0.01775  0.006239
     31/99     19.5G   0.02593   0.02258  0.005115   0.05362       158       640    0.9166     0.641    0.7241    0.7117    0.6092    0.0181    0.0179  0.006378
     32/99     19.5G   0.02608   0.02277  0.004973   0.05382       105       640    0.8982    0.6229    0.7104    0.6846    0.6022   0.01787   0.01784  0.007505
     33/99     19.5G   0.02616   0.02293  0.004805   0.05389       145       640    0.9151    0.6584    0.7196    0.7027    0.6152   0.01722   0.01719  0.006531
     34/99     19.5G   0.02571   0.02239  0.004822   0.05292        80       640    0.9237    0.6421     0.719    0.7008    0.6212   0.01705   0.01704  0.006805
     35/99     19.5G   0.02551    0.0225  0.004588   0.05259       169       640     0.937    0.6577    0.7112    0.6973    0.6099   0.01722   0.01711  0.005579
     36/99     19.5G   0.02543   0.02248  0.004681   0.05259       134       640    0.9352    0.6543    0.7283    0.7191    0.6265   0.01696   0.01693   0.00607
     37/99     19.5G   0.02483   0.02133  0.004677   0.05083       140       640    0.9386    0.6591    0.7152    0.7057    0.6272   0.01656   0.01655   0.00566
     38/99     19.5G   0.02504   0.02203  0.004475   0.05154       164       640    0.9273    0.6569    0.7381    0.7301    0.6456   0.01671   0.01644  0.006207
     39/99     19.5G   0.02529   0.02178  0.004539   0.05161       138       640    0.9269    0.6597    0.7382    0.7303    0.6366   0.01694   0.01694  0.005739
     40/99     19.5G   0.02441   0.02121  0.004417   0.05004       130       640    0.9295    0.6628    0.7381    0.7307    0.6434   0.01642    0.0164  0.006122
     41/99     19.5G   0.02444    0.0215  0.004465    0.0504       106       640    0.9413    0.6678    0.7257    0.7163    0.6255   0.01693   0.01653  0.005035
     42/99     19.5G   0.02428   0.02123   0.00415   0.04966       142       640    0.9293    0.6681    0.7269    0.7189    0.6347   0.01634   0.01635  0.005381
     43/99     19.5G   0.02422   0.02137  0.004157   0.04975       109       640     0.937    0.6615    0.7446    0.7339    0.6504   0.01646   0.01617  0.005733
     44/99     19.5G   0.02356   0.02082  0.004307   0.04869       141       640    0.9415    0.6545    0.7391     0.729    0.6517   0.01582   0.01556  0.005439
     45/99     19.5G   0.02358   0.02105  0.004094   0.04872       120       640    0.9308    0.6726    0.7409    0.7319    0.6505   0.01587   0.01573   0.00541
     46/99     19.5G   0.02346    0.0205  0.004168   0.04813        85       640    0.9379    0.6579    0.7613     0.752    0.6785   0.01585   0.01568  0.006014
     47/99     19.5G   0.02349   0.02051  0.004192    0.0482        93       640    0.9262    0.6621    0.7348    0.7241    0.6462   0.01623    0.0158   0.00549
     48/99     19.5G    0.0232   0.02037  0.004035   0.04761       106       640     0.936     0.665    0.7517    0.7453    0.6706   0.01521   0.01506  0.005503
     49/99     21.4G   0.02312   0.02049  0.003942   0.04755       152       640    0.9275    0.6849    0.7523    0.7465    0.6711   0.01539   0.01512  0.004906
     50/99     19.5G   0.02289   0.02026  0.003965   0.04711       185       640    0.9426    0.6693     0.758    0.7514    0.6756   0.01543   0.01538  0.004858
     51/99     19.5G     0.023   0.02035  0.004111   0.04746        87       640    0.9417    0.6673    0.7495    0.7431    0.6657   0.01551   0.01525   0.00505
     52/99     19.5G   0.02274   0.02019  0.003867    0.0468       184       640    0.9388    0.6535    0.7493    0.7413    0.6659   0.01552    0.0151  0.005703
     53/99     19.5G   0.02268   0.01999   0.00386   0.04653       170       640    0.9351    0.6653    0.7537    0.7482     0.673   0.01494   0.01483  0.005256
     54/99     19.5G    0.0224    0.0199  0.003846   0.04614       144       640    0.9463     0.667    0.7571    0.7504    0.6766   0.01516   0.01502   0.00556
     55/99     19.5G   0.02222   0.01955  0.003839   0.04562       186       640    0.9334     0.656    0.7653    0.7605    0.6823   0.01541   0.01507  0.005421
     56/99     19.5G   0.02198   0.01954  0.003647   0.04517        95       640    0.9375    0.6629    0.7887    0.7825    0.7011   0.01545   0.01505  0.005645
     57/99     19.5G     0.022   0.01953  0.003636   0.04516       105       640     0.919    0.6687    0.7812    0.7765       0.7   0.01502   0.01471  0.005139
     58/99     19.5G     0.022   0.01965  0.003632   0.04529       135       640    0.9363    0.6733     0.783    0.7781    0.7064   0.01477   0.01439  0.005348
     59/99     19.5G   0.02177   0.01933  0.003647   0.04475       156       640    0.9407    0.6719    0.7816    0.7752    0.6934   0.01518   0.01479  0.005406
     60/99     19.5G   0.02149   0.01923  0.003569   0.04428       160       640    0.9399    0.6716    0.7839    0.7774    0.6968   0.01493   0.01443  0.004983
     61/99     19.5G   0.02146   0.01876  0.003648   0.04387       184       640    0.9507    0.6655    0.7651    0.7596    0.6862   0.01491   0.01447  0.004694
     62/99     19.5G   0.02132   0.01916  0.003524     0.044        82       640    0.9557    0.6684     0.792    0.7873    0.7202   0.01447   0.01403  0.004721
     63/99     19.5G   0.02111   0.01824  0.003511   0.04286        83       640    0.6585     0.796    0.7942    0.7886    0.7174   0.01479   0.01436  0.005877
     64/99     19.5G    0.0214   0.01902  0.003445   0.04386       167       640    0.9401    0.6796    0.7868    0.7808    0.7077   0.01466   0.01421  0.004764
     65/99     19.5G   0.02114   0.01878  0.003367    0.0433       150       640    0.6137    0.8118    0.7909     0.785    0.7113   0.01451   0.01404  0.004886
     66/99     19.5G    0.0211   0.01851  0.003354   0.04296       188       640     0.941    0.6742    0.7858    0.7824    0.7149   0.01439   0.01411  0.004646
     67/99     19.5G   0.02087   0.01858  0.003354    0.0428       170       640    0.7708    0.7884    0.8061    0.8015    0.7258   0.01425   0.01387  0.005111
     68/99     19.5G   0.02082    0.0185  0.003285    0.0426       140       640    0.7111    0.7808     0.792    0.7874    0.7154   0.01433   0.01388  0.004515
     69/99     19.5G   0.02071   0.01851  0.003304   0.04252        84       640     0.746    0.7804    0.8021    0.7972     0.724   0.01438   0.01394  0.005293
     70/99     19.5G   0.02081   0.01855  0.003229   0.04259       154       640    0.6613    0.8187    0.7931    0.7881    0.7149   0.01457    0.0141  0.004669
     71/99     19.5G   0.02059   0.01823   0.00324   0.04206       101       640    0.7412    0.7854    0.8119    0.8067    0.7345   0.01428   0.01382  0.005147
     72/99     19.5G   0.02043   0.01779  0.003101   0.04132       206       640    0.7963    0.7646       0.8    0.7939    0.7239   0.01455   0.01398   0.00493
     73/99     19.5G   0.02016   0.01805  0.003061   0.04128       205       640     0.751     0.789    0.8034    0.7993    0.7302   0.01428   0.01385  0.004616
     74/99     19.5G   0.02049   0.01826  0.003139   0.04189       101       640    0.7783    0.7829    0.8065    0.8022    0.7249   0.01427   0.01385  0.004717
     75/99     19.5G   0.02012   0.01813  0.002992   0.04125       174       640    0.6871    0.7891     0.795    0.7914    0.7241   0.01405    0.0136  0.004649
     76/99     19.5G    0.0201   0.01813  0.003116   0.04135       167       640    0.7417    0.7828    0.7888    0.7834    0.7187    0.0139   0.01338   0.00504
     77/99     19.5G   0.02009   0.01753  0.003061   0.04068       135       640    0.7849    0.7599    0.7809    0.7768    0.7064   0.01415   0.01356  0.004726
     78/99     19.5G   0.02004   0.01787  0.003065   0.04097       108       640    0.6756    0.7696    0.7652    0.7605    0.6899   0.01423   0.01375  0.004283
     79/99     19.5G   0.02001   0.01777  0.002981   0.04076       154       640    0.7783    0.7647    0.7878    0.7831    0.7154   0.01406   0.01346  0.004578
     80/99     19.5G   0.01955   0.01724  0.003059   0.03986       158       640    0.7624    0.7799     0.798    0.7934    0.7295   0.01389   0.01328  0.004649
     81/99     19.5G   0.01959   0.01738  0.002868   0.03983       105       640    0.7605    0.7792    0.7925    0.7885    0.7221   0.01395    0.0133  0.004437
     82/99     19.5G   0.01962   0.01755  0.002737    0.0399       145       640    0.8227    0.7692    0.7912    0.7866    0.7204   0.01388   0.01326  0.004897
     83/99     19.5G   0.01969   0.01734  0.002856   0.03988        80       640     0.741    0.7749      0.79    0.7865    0.7257   0.01379   0.01315  0.004716
     84/99     19.5G   0.01972   0.01756  0.002669   0.03995       169       640    0.7731    0.7722    0.7818    0.7789    0.7129   0.01381   0.01309  0.004741
     85/99     19.5G   0.01948   0.01748  0.002804   0.03976       134       640    0.7729    0.7747    0.7857    0.7827    0.7135   0.01398   0.01326  0.004557
     86/99     19.5G   0.01927    0.0167  0.002807   0.03877       140       640    0.7465    0.7755    0.7752     0.771    0.7077   0.01371   0.01313  0.004673
     87/99     19.5G   0.01968   0.01733  0.002774   0.03978       164       640    0.7538    0.7737     0.785    0.7821    0.7198   0.01377   0.01307  0.004528
     88/99     19.5G   0.01969   0.01723  0.002848   0.03977       138       640    0.7732    0.7743    0.7829    0.7806    0.7148   0.01393   0.01338  0.004235
     89/99     19.5G   0.01913   0.01677  0.002662   0.03857       130       640    0.8549    0.7611    0.7968    0.7945    0.7268    0.0139   0.01323  0.004522
     90/99     19.5G   0.01929   0.01713  0.002698   0.03912       106       640    0.8214    0.7679    0.7991    0.7946    0.7274   0.01392   0.01312  0.004754
     91/99     19.5G   0.01935   0.01691  0.002612   0.03888       142       640    0.8502    0.7629    0.7949    0.7908    0.7236    0.0138   0.01311  0.004954
     92/99     19.5G   0.01933   0.01713  0.002631    0.0391       109       640    0.8154    0.7687    0.7796    0.7755    0.7125   0.01377   0.01306  0.004596
     93/99     19.5G   0.01911   0.01686  0.002627    0.0386       141       640    0.8132    0.7681    0.7819    0.7793    0.7141   0.01369   0.01294   0.00481
     94/99     19.5G     0.019   0.01702  0.002498   0.03852       120       640    0.8257     0.768    0.7998    0.7962    0.7321   0.01365   0.01284  0.004627
     95/99     19.5G   0.01898    0.0166  0.002612   0.03819        85       640    0.8061    0.7727    0.7793    0.7756    0.7146   0.01364   0.01295  0.004441
     96/99     19.5G   0.01918   0.01677  0.002639   0.03859        93       640     0.804    0.7645    0.7839    0.7812    0.7155   0.01376   0.01303  0.004583
     97/99     19.5G   0.01907   0.01671  0.002583   0.03836       106       640    0.8257     0.764    0.7882    0.7848    0.7254   0.01356   0.01283   0.00464
     98/99     19.5G   0.01928   0.01708  0.002728   0.03908       126       640    0.8253    0.7659    0.7784    0.7742    0.7161   0.01347   0.01283  0.004536
     99/99     19.5G   0.01942   0.01746  0.002771   0.03965        87       640    0.7967    0.7618    0.7797    0.7758    0.7131   0.01364   0.01297  0.004885
