      0/99     15.9G    0.1042   0.07669   0.03485    0.2157       323       640 0.0009377   0.01296 0.0001761 6.706e-07 2.903e-05   0.09634   0.07829   0.03325
      1/99     16.3G   0.09369   0.06616   0.02613     0.186       272       640    0.2908   0.05499    0.0173 7.985e-05  0.003077   0.08783    0.1198   0.02669
      2/99     16.3G   0.07868   0.05306   0.02026     0.152       315       640       0.4     0.172     0.113   0.00784   0.03249   0.08326    0.1674   0.02873
      3/99     16.3G   0.06644   0.04767   0.01726    0.1314       343       640    0.7949    0.3394    0.3551   0.04066    0.1198   0.05679   0.04593   0.01661
      4/99     16.3G   0.05819   0.04365   0.01556    0.1174       188       640    0.6866    0.4998    0.5004    0.2186    0.2462   0.04191   0.04514   0.01422
      5/99     16.3G   0.05713   0.04164   0.01425     0.113       283       640    0.6329    0.4269    0.4372    0.1221    0.1839   0.04787   0.05244   0.02313
      6/99     16.3G   0.05068   0.03848   0.01196    0.1011       235       640    0.8011     0.494    0.5686     0.299    0.3049   0.04175   0.03762   0.01473
      7/99     16.3G   0.04666   0.03652   0.01088   0.09406       270       640    0.8536    0.5679     0.623    0.4123    0.3706   0.03579   0.03397   0.01066
      8/99     16.3G   0.04383   0.03442  0.009693   0.08794       210       640     0.876    0.5569    0.6395    0.5159     0.426   0.03144   0.03284   0.01098
      9/99     16.3G    0.0402   0.03227  0.009049   0.08152       299       640    0.8616    0.5495    0.6846      0.54      0.45   0.02886   0.02872   0.01179
     10/99     16.3G   0.03924   0.03203  0.008576   0.07985       257       640    0.8321    0.5628    0.6713    0.5483     0.451   0.02819   0.02789   0.01137
     11/99     16.3G   0.03849   0.03074  0.008197   0.07743       260       640    0.8739    0.5881    0.7213    0.5961    0.5064   0.02722   0.02749  0.009283
     12/99     16.3G   0.03708   0.03036  0.007611   0.07505       256       640    0.9003    0.6184    0.7608    0.6107    0.5306   0.02481   0.02427  0.008244
     13/99     16.3G   0.03547   0.02927  0.007142   0.07188       325       640    0.9096    0.6149     0.784    0.6671    0.5669   0.02461   0.02392  0.008292
     14/99     16.3G   0.03483   0.02908  0.006746   0.07065       264       640    0.8361    0.6266    0.6758    0.6111    0.5009   0.02519    0.0263  0.009694
     15/99     16.3G   0.03409   0.02793  0.006548   0.06857       259       640    0.8726    0.5951    0.6687    0.6122    0.5093   0.02409   0.02372  0.009881
     16/99     16.3G   0.03361   0.02797  0.006482   0.06805       273       640    0.8405    0.5706    0.6345    0.5909     0.492   0.02339   0.02443   0.01139
     17/99     16.3G    0.0325   0.02652  0.006106   0.06513       338       640    0.8993    0.6401    0.7088    0.6644    0.5623   0.02115   0.02112  0.007641
     18/99     16.3G   0.03194   0.02676  0.006273   0.06496       260       640    0.8718    0.5676    0.6863    0.6342    0.5381   0.02168   0.02141   0.01558
     19/99     16.3G   0.03173   0.02637  0.005978   0.06408       275       640    0.9041    0.6285    0.7097    0.6692    0.5584   0.02144   0.02127  0.008488
     20/99     16.3G    0.0307   0.02586  0.005769   0.06232       259       640    0.9157    0.6459    0.7113    0.6879    0.5815   0.02002   0.01982  0.007073
     21/99     16.3G   0.03063   0.02563  0.005666   0.06193       328       640    0.9038    0.5928    0.7139    0.6549    0.5683   0.02142   0.02154    0.0107
     22/99     16.3G   0.03018   0.02526  0.005588   0.06103       274       640     0.909    0.6505    0.7211     0.688    0.5873   0.02016   0.02005   0.00711
     23/99     16.3G   0.02941   0.02494   0.00538   0.05973       308       640    0.9266    0.6402    0.7127    0.6903    0.5845   0.01953   0.01951  0.006861
     24/99     16.3G    0.0295   0.02493  0.005199   0.05963       261       640    0.8509    0.5917    0.6606    0.6362    0.5443   0.01987   0.02079   0.01096
     25/99     16.3G   0.02892   0.02407  0.005093   0.05809       354       640    0.7663    0.6307    0.5891    0.5676     0.479   0.02029    0.0205   0.01944
     26/99     16.3G   0.02865   0.02384  0.005002   0.05749       247       640    0.9224    0.6506    0.7017    0.6855    0.5901   0.01884   0.01925  0.006062
     27/99     16.3G   0.02807   0.02384  0.004756   0.05667       324       640    0.9283    0.6552    0.7205    0.7032    0.6011   0.01872   0.01839  0.005839
     28/99     16.3G   0.02813    0.0236   0.00482   0.05655       354       640    0.9375    0.6526    0.7287    0.7143    0.6178   0.01817   0.01796  0.006466
     29/99     16.3G   0.02792   0.02348  0.004815   0.05621       323       640    0.9138    0.6516    0.7172    0.7026    0.6017   0.01861   0.01833  0.006412
     30/99     16.3G   0.02772   0.02337  0.004709    0.0558       228       640    0.9373    0.6465    0.7148    0.6959    0.6019   0.01814   0.01776  0.006113
     31/99     16.3G   0.02686   0.02284  0.004853   0.05456       275       640    0.9224    0.6489     0.723    0.7116    0.6149   0.01786   0.01755  0.005956
     32/99     16.3G   0.02725    0.0232  0.004521   0.05497       302       640    0.9296    0.6541    0.7504    0.7381    0.6353   0.01795   0.01772  0.006157
     33/99     16.3G   0.02649   0.02223  0.004426   0.05315       319       640    0.9277    0.6461    0.7477    0.7327    0.6283   0.01823   0.01771  0.006302
     34/99     16.3G   0.02632   0.02227  0.004422     0.053       297       640    0.9294    0.6646    0.7168    0.7025    0.6179   0.01733   0.01701  0.005261
     35/99     16.3G   0.02583   0.02195  0.004381   0.05217       272       640     0.915    0.6639     0.735    0.7255    0.6307   0.01721   0.01689  0.005936
     36/99     16.3G   0.02599   0.02221   0.00429   0.05249       269       640    0.9333    0.6572    0.7127     0.702    0.6132   0.01721   0.01705  0.005435
     37/99     16.3G   0.02598   0.02175  0.004346   0.05208       217       640    0.9397    0.6462    0.7258    0.7169    0.6241   0.01732   0.01671  0.006268
     38/99     16.3G   0.02536   0.02148    0.0041   0.05095       252       640     0.928     0.664    0.7404    0.7299    0.6387   0.01687   0.01659  0.005567
     39/99     16.3G   0.02528    0.0216  0.004185   0.05106       340       640    0.9416    0.6441    0.7534    0.7436    0.6538   0.01661   0.01611  0.007209
     40/99     16.3G   0.02545   0.02153   0.00404   0.05102       266       640    0.9093    0.6304    0.7219    0.7123    0.6261   0.01668    0.0166  0.008091
     41/99     16.3G   0.02483   0.02128  0.003976   0.05008       214       640    0.9437    0.6518    0.7555    0.7461    0.6541   0.01688   0.01637   0.00618
     42/99     16.3G   0.02495   0.02121  0.003949    0.0501       257       640    0.9181    0.6647    0.7237     0.716    0.6288   0.01679   0.01636  0.005401
     43/99     16.3G    0.0243    0.0206   0.00396   0.04886       225       640    0.9247    0.6672    0.7364    0.7267    0.6441   0.01632   0.01581  0.005377
     44/99     16.3G   0.02442    0.0204   0.00394   0.04876       280       640    0.9479    0.6504    0.7297    0.7232    0.6374   0.01616   0.01589  0.005522
     45/99     16.3G   0.02424   0.02079  0.003931   0.04896       261       640     0.938    0.6465    0.7359    0.7288    0.6501   0.01602    0.0156  0.006275
     46/99     16.3G    0.0242   0.02061  0.003816   0.04862       235       640    0.9487    0.6577    0.7296    0.7201    0.6354   0.01641   0.01593  0.005235
     47/99     16.3G   0.02361   0.02046  0.003683   0.04775       325       640    0.9378    0.6629    0.7467    0.7387    0.6558   0.01606   0.01539  0.004908
     48/99     16.3G   0.02367   0.02037  0.003739   0.04778       341       640    0.9359    0.6658    0.7484    0.7413    0.6588   0.01581   0.01517  0.005542
     49/99     16.3G   0.02399   0.02075  0.003749   0.04849       329       640    0.9214    0.6685    0.7364    0.7271    0.6551   0.01561   0.01538  0.005497
     50/99     16.3G   0.02334   0.02011  0.003591   0.04704       248       640    0.9305    0.6617    0.7429    0.7332    0.6518   0.01601   0.01531  0.005488
     51/99     16.3G   0.02339   0.02007  0.003565   0.04703       304       640    0.9294    0.6713     0.744    0.7368    0.6599   0.01547   0.01504  0.005319
     52/99     16.3G   0.02303   0.01988  0.003546   0.04646       246       640    0.9223    0.6654    0.7271      0.72    0.6351   0.01612   0.01554  0.005959
     53/99     16.3G   0.02267   0.01968  0.003512   0.04586       266       640    0.9336    0.6515    0.7367    0.7217    0.6527   0.01529   0.01475  0.006581
     54/99     16.3G   0.02281   0.01979  0.003459   0.04606       209       640    0.9211    0.6656    0.7222    0.7103    0.6359   0.01549   0.01509  0.005321
     55/99     16.3G   0.02274   0.01969  0.003543   0.04598       358       640    0.9348    0.6554    0.7373    0.7301    0.6555   0.01518   0.01466    0.0057
     56/99     16.3G   0.02239   0.01925  0.003584   0.04522       333       640    0.9381    0.6695     0.753    0.7475    0.6691   0.01522   0.01473  0.004899
     57/99     16.3G   0.02234   0.01962  0.003288   0.04525       271       640    0.9313    0.6526     0.742    0.7348    0.6604    0.0151   0.01447  0.005841
     58/99     16.3G   0.02217   0.01929  0.003288   0.04475       331       640    0.9216    0.6611    0.7465    0.7383    0.6738   0.01469    0.0141  0.005841
     59/99     16.3G   0.02214   0.01921  0.003306   0.04466       230       640    0.9353    0.6643    0.7432    0.7377    0.6634   0.01538   0.01472  0.005378
     60/99     16.3G   0.02218   0.01933  0.003399   0.04491       260       640    0.9363    0.6688    0.7522    0.7478    0.6771    0.0148   0.01423  0.004723
     61/99     16.3G   0.02195   0.01907  0.003206   0.04423       315       640    0.9412    0.6705    0.7601     0.754    0.6822   0.01483   0.01424  0.005428
     62/99     16.3G   0.02179   0.01903  0.003204   0.04403       299       640    0.9419     0.663    0.7458    0.7419    0.6695   0.01484   0.01414  0.005584
     63/99     16.3G   0.02167   0.01878  0.003073   0.04352       366       640    0.9483    0.6692    0.7651    0.7564    0.6923   0.01463   0.01397  0.004989
     64/99     16.3G   0.02152   0.01862  0.003052    0.0432       260       640    0.9509    0.6684    0.7611    0.7537    0.6832    0.0148   0.01396  0.005037
     65/99     16.3G   0.02114   0.01836  0.003257   0.04276       305       640    0.9439    0.6742    0.7611    0.7523    0.6807   0.01485    0.0141  0.004634
     66/99     16.3G   0.02167   0.01882  0.003143   0.04364       247       640    0.9338    0.6659    0.7584    0.7442    0.6827   0.01446   0.01379  0.005409
     67/99     16.3G   0.02145   0.01874  0.003049   0.04324       269       640    0.9338    0.6674    0.7509    0.7465    0.6701   0.01494   0.01427  0.005769
     68/99     16.3G   0.02094   0.01818  0.002929   0.04205       311       640    0.9283    0.6523    0.7519    0.7478    0.6836   0.01425   0.01368  0.005548
     69/99     16.3G   0.02107   0.01802  0.003095   0.04218       306       640    0.9426    0.6661    0.7737    0.7688    0.6948   0.01446   0.01395  0.005082
     70/99     16.3G   0.02064    0.0178  0.002959    0.0414       227       640    0.9298     0.665    0.7558    0.7508    0.6845   0.01413   0.01344   0.00567
     71/99     16.3G   0.02059   0.01787   0.00283    0.0413       269       640    0.6336    0.7851    0.7659    0.7572    0.6852    0.0146   0.01391  0.005712
     72/99     16.3G   0.02081   0.01822  0.002951   0.04199       269       640    0.9506    0.6617    0.7633    0.7593    0.6871   0.01447   0.01375  0.005409
     73/99     16.3G   0.02049   0.01776  0.002926   0.04118       307       640     0.931    0.6817     0.754    0.7469    0.6823   0.01401   0.01325  0.004733
     74/99     16.3G   0.02057    0.0179  0.002967   0.04143       178       640    0.9386    0.6625    0.7708    0.7664     0.696   0.01428   0.01341  0.005255
     75/99     16.3G   0.02051   0.01787  0.002893   0.04128       274       640    0.9381    0.6712    0.7656    0.7612    0.6912   0.01419   0.01349  0.004885
     76/99     16.3G   0.02055   0.01772  0.002821   0.04108       247       640    0.9341    0.6728    0.7797    0.7749    0.7045   0.01414   0.01336  0.005379
     77/99     16.3G   0.01987   0.01752   0.00275   0.04014       314       640    0.9569    0.6604    0.7643    0.7595    0.6913   0.01419   0.01346  0.004677
     78/99     16.3G   0.02034   0.01768  0.002732   0.04076       223       640    0.6277    0.7822    0.7715    0.7657    0.6986   0.01414   0.01339   0.00504
     79/99     16.3G   0.02011   0.01777  0.002797   0.04067       234       640    0.6421    0.7854    0.7762    0.7714    0.7012   0.01408   0.01329  0.004845
     80/99     16.3G   0.01992   0.01722  0.002735   0.03988       220       640    0.7913    0.7563    0.7907     0.787    0.7159   0.01412    0.0134  0.005631
     81/99     16.3G   0.01997   0.01731   0.00266   0.03994       266       640    0.7981     0.773    0.8039    0.8012    0.7287   0.01405    0.0132  0.005481
     82/99     16.3G   0.02001    0.0172  0.002645   0.03985       295       640    0.7818    0.7728    0.8075    0.8039    0.7372     0.014    0.0132  0.005213
     83/99     16.3G   0.01974   0.01703   0.00262   0.03939       261       640    0.6696    0.7987    0.7933    0.7895    0.7221   0.01404   0.01323  0.004746
     84/99     16.3G    0.0195   0.01709  0.002612    0.0392       230       640    0.8218    0.7695     0.811    0.8067    0.7364   0.01399   0.01323  0.005162
     85/99     16.3G   0.01966   0.01713  0.002576   0.03936       307       640    0.7528     0.781    0.8035    0.7989    0.7308   0.01387   0.01312  0.004817
     86/99     16.3G   0.01974   0.01743  0.002495   0.03967       321       640    0.7616    0.7713    0.8034    0.7984    0.7311   0.01372   0.01293  0.005154
     87/99     16.3G   0.01981   0.01734  0.002492   0.03964       302       640    0.8219    0.7776    0.8084    0.8042    0.7356   0.01376   0.01299  0.004908
     88/99     16.3G   0.01972   0.01731  0.002575   0.03961       242       640    0.7385    0.7725    0.7877    0.7837    0.7172   0.01372   0.01297  0.004974
     89/99     16.3G   0.01929   0.01687  0.002522   0.03868       371       640    0.7264    0.7715     0.784    0.7795    0.7092   0.01403   0.01314  0.005345
     90/99     16.3G   0.01944   0.01677  0.002446   0.03866       311       640    0.8449    0.7721    0.8107    0.8074    0.7387    0.0138   0.01294  0.004546
     91/99     16.3G   0.01953   0.01711  0.002518   0.03916       266       640    0.7795    0.7766    0.8095    0.8062    0.7342   0.01363   0.01276  0.004994
     92/99     16.3G   0.01914   0.01662  0.002482   0.03825       269       640    0.8467    0.7712      0.82    0.8165    0.7474   0.01356   0.01274  0.004688
     93/99     16.3G   0.01949   0.01691  0.002533   0.03894       399       640    0.7759    0.7726    0.8052    0.8017    0.7323   0.01361   0.01274  0.005059
     94/99     16.3G   0.01904   0.01665  0.002473   0.03816       351       640    0.7308    0.7728    0.7953    0.7923     0.728   0.01371   0.01284   0.00564
     95/99     16.3G   0.01933    0.0169  0.002444   0.03867       328       640    0.8648    0.7445    0.8218    0.8181    0.7428   0.01377   0.01289  0.005064
     96/99     16.3G   0.01928   0.01676  0.002403   0.03844       276       640    0.7782    0.7735    0.8101    0.8074    0.7362   0.01368   0.01282  0.004915
     97/99     16.3G   0.01927    0.0167  0.002391   0.03836       302       640    0.8877    0.7623    0.8106     0.807    0.7373   0.01356   0.01271  0.005393
     98/99     16.3G   0.01895   0.01641  0.002298   0.03766       385       640    0.8798    0.7634    0.8158      0.79    0.7346   0.01367    0.0128  0.005231
     99/99     16.3G   0.01931   0.01665  0.002462   0.03842       247       640    0.9057    0.7617    0.8152    0.8127    0.7404   0.01339   0.01256  0.005161
