      0/99     17.7G     0.102   0.07054   0.03306    0.2056       176       640    0.2672   0.04193  0.006631 1.328e-05  0.001021   0.09578   0.08278   0.03099
      1/99     20.5G   0.08105   0.05527   0.02131    0.1576       181       640    0.3501    0.2668   0.09962  0.001796   0.02223    0.0749   0.09359   0.03096
      2/99     20.5G    0.0714   0.04795   0.01723    0.1366       183       640    0.6259    0.3216    0.2963   0.02876    0.1011   0.05875   0.05322   0.02511
      3/99     20.5G   0.06354   0.04312   0.01582    0.1225       224       640    0.7048     0.489    0.5072    0.2014    0.2404   0.04744   0.04138   0.01675
      4/99     20.5G   0.05327   0.03876   0.01291    0.1049       146       640    0.7762     0.484    0.5467    0.2612    0.2844   0.03944   0.03688    0.0178
      5/99     20.5G   0.04777    0.0354   0.01131   0.09448       196       640    0.8574    0.5507    0.6098    0.3717    0.3538   0.03467   0.03155   0.01082
      6/99     20.5G   0.04284     0.033   0.01008   0.08592       181       640    0.8614    0.5563    0.6471    0.5249    0.4337   0.03036   0.03237   0.01202
      7/99     20.5G   0.04074   0.03143  0.009104   0.08127       174       640    0.8323    0.5671    0.6477    0.5338    0.4423   0.02885   0.02699   0.01312
      8/99     20.5G   0.03921   0.02995  0.008433   0.07759       234       640    0.8457    0.5563    0.7178    0.5284    0.4665   0.02824   0.02542   0.01657
      9/99     20.5G   0.03712   0.02972  0.007937   0.07478       187       640    0.8183    0.5785    0.6772    0.5587    0.4745   0.02527   0.02428   0.01273
     10/99     20.5G   0.03567    0.0287  0.007561   0.07193       220       640    0.9057    0.5864    0.7092    0.6431    0.5358   0.02408    0.0239   0.01006
     11/99     20.5G   0.03522   0.02776  0.007129   0.07011       105       640    0.8942    0.6008    0.7483    0.6223    0.5159   0.02347    0.0221  0.009888
     12/99     20.5G   0.03339   0.02691  0.006941   0.06724       166       640    0.8843    0.6229    0.7453    0.6433    0.5545   0.02242   0.02107  0.008975
     13/99     20.5G   0.03242    0.0264  0.006498   0.06531       185       640    0.9026    0.6296    0.7239    0.6693    0.5589   0.02142   0.02084  0.008007
     14/99     20.5G   0.03275   0.02622   0.00631   0.06529       155       640    0.8919    0.6028    0.7125    0.6795    0.5702   0.02123   0.02033     0.011
     15/99     20.5G   0.03162   0.02506   0.00597   0.06265       188       640    0.8511    0.5941    0.6593    0.6304    0.5311   0.02085   0.02022   0.01063
     16/99     20.5G   0.03049     0.025  0.005817   0.06131       227       640    0.8569    0.6212    0.6857    0.6548    0.5635   0.01969   0.01918  0.008906
     17/99     20.5G   0.03003   0.02476  0.005575   0.06037       193       640    0.8741    0.6229    0.7101    0.6811    0.5704      0.02   0.01887   0.01018
     18/99     20.5G    0.0307   0.02507  0.005514   0.06128       192       640    0.8717    0.5687    0.6781    0.6401    0.5419   0.02086   0.02019   0.01604
     19/99     20.5G   0.02966   0.02448  0.005512   0.05966       199       640    0.9198    0.6354    0.7062    0.6826    0.5803   0.01986    0.0186  0.006625
     20/99     20.5G   0.02906   0.02376  0.005325   0.05814       198       640    0.8906    0.6562    0.6921     0.673    0.5838   0.01855   0.01803  0.006829
     21/99     20.5G   0.02848   0.02326  0.005164    0.0569       205       640    0.8453    0.6472    0.6614    0.6352    0.5461   0.01917   0.01855  0.008991
     22/99     20.5G   0.02896   0.02383  0.005144   0.05793       212       640    0.9245    0.6388    0.7063    0.6849    0.5948   0.01843    0.0177  0.006222
     23/99     20.5G   0.02833   0.02332  0.005607   0.05726       150       640    0.9117    0.6292    0.7142    0.6984    0.5914   0.01895   0.01805  0.007503
     24/99     20.5G   0.02747   0.02306  0.005153   0.05568       174       640     0.894    0.6424    0.7294    0.7166    0.6291   0.01781   0.01723  0.006679
     25/99     20.5G    0.0271   0.02236  0.004905   0.05436       152       640    0.8383    0.6454    0.6645    0.6525     0.569   0.01788   0.01679  0.008472
     26/99     20.5G   0.02713   0.02237  0.004749   0.05425       170       640    0.9019    0.6429    0.7118    0.6998    0.6093    0.0177   0.01672   0.00699
     27/99     20.5G   0.02691   0.02247  0.004746   0.05413       231       640    0.9395     0.655    0.7376    0.7238    0.6253     0.018    0.0173  0.005382
     28/99     20.5G   0.02715   0.02215  0.004529   0.05383       139       640    0.9238    0.6373    0.7136    0.6961    0.6063   0.01738   0.01661  0.007071
     29/99     20.5G   0.02634   0.02202  0.004575   0.05293       222       640    0.9128    0.6663    0.7072    0.6963    0.6007   0.01766   0.01672  0.005729
     30/99     20.5G   0.02601    0.0211  0.004486    0.0516       147       640    0.9077    0.6569    0.7341    0.7227    0.6307   0.01696   0.01617  0.006248
     31/99     20.5G   0.02636   0.02183  0.004446   0.05264       251       640    0.8601    0.6114    0.6671    0.6516    0.5707   0.01713    0.0167  0.009466
     32/99     20.5G   0.02578   0.02149  0.004574   0.05185       220       640    0.9138    0.6676    0.7278    0.7216    0.6333   0.01662   0.01602  0.005832
     33/99     20.5G   0.02537   0.02128  0.004377   0.05102       181       640    0.9353    0.6653     0.748     0.739    0.6467   0.01657   0.01576  0.005577
     34/99     20.5G   0.02526    0.0216  0.004249   0.05111       133       640    0.9321    0.6596    0.7517    0.7443    0.6531   0.01595   0.01556  0.006748
     35/99     20.5G   0.02515   0.02094  0.004085   0.05018       304       640    0.9194    0.6511    0.7298     0.721    0.6371   0.01637   0.01552  0.005732
     36/99     20.5G   0.02493   0.02082  0.004303   0.05005       209       640     0.941    0.6646    0.7427    0.7363    0.6554   0.01585   0.01512  0.005111
     37/99     20.5G    0.0244   0.02045  0.004178   0.04902       169       640    0.9141    0.6667    0.7479    0.7434    0.6597   0.01574   0.01509  0.005731
     38/99     20.5G    0.0247   0.02078  0.004036   0.04952       154       640    0.9065    0.6691    0.7566    0.7493    0.6688   0.01576   0.01527  0.005734
     39/99     20.5G   0.02426   0.02033  0.003886   0.04847       169       640    0.9017     0.655    0.7304    0.7215    0.6414   0.01599   0.01519   0.00741
     40/99     20.5G   0.02414   0.02037   0.00388   0.04839       163       640    0.9304    0.6724     0.778    0.7708    0.6915   0.01533   0.01456  0.005254
     41/99     20.5G   0.02395      0.02  0.003852   0.04781       240       640    0.9317    0.6657    0.7494    0.7444    0.6635   0.01539   0.01444   0.00525
     42/99     20.5G   0.02386   0.02047  0.003728   0.04805       185       640    0.9271    0.6761    0.7509    0.7444    0.6618   0.01565    0.0148  0.005108
     43/99     20.5G   0.02357   0.01954  0.003907   0.04702       236       640    0.9354    0.6726    0.7544    0.7498    0.6705   0.01521   0.01466  0.004834
     44/99     20.5G   0.02342    0.0194  0.003695   0.04652       263       640    0.9185    0.6507    0.7462    0.7403    0.6623   0.01512   0.01439  0.005929
     45/99     20.5G   0.02321   0.01952  0.003526   0.04626       205       640    0.6083    0.8473    0.7845    0.7636    0.6921   0.01497   0.01415    0.0052
     46/99     20.5G   0.02319   0.01957  0.003561   0.04631       226       640    0.9225    0.6676    0.7794    0.7753    0.7018   0.01476   0.01407  0.005571
     47/99     20.5G     0.023    0.0193  0.003437   0.04574       217       640    0.5813    0.8471    0.7923    0.7876    0.7034   0.01511   0.01444  0.004824
     48/99     20.5G   0.02273   0.01938  0.003431   0.04555       136       640      0.75    0.7867    0.8102    0.8061     0.731   0.01438   0.01379  0.004939
     49/99     20.5G   0.02252   0.01909  0.003576   0.04519       204       640    0.6901    0.7902    0.7848    0.7805    0.6945   0.01492   0.01408  0.005536
     50/99     20.5G   0.02256   0.01899  0.003389   0.04494       202       640    0.7089    0.8037    0.7737    0.7677    0.6885   0.01528   0.01451  0.006221
     51/99     20.5G    0.0223    0.0192  0.003445   0.04494       211       640    0.7022    0.7896    0.8033    0.7995    0.7212   0.01465   0.01395  0.005614
     52/99     20.5G   0.02223   0.01891  0.003436   0.04458       221       640    0.6243    0.8188    0.7996    0.7949    0.7133    0.0147   0.01399  0.005465
     53/99     20.5G    0.0221    0.0187  0.003309    0.0441       197       640    0.7601    0.7905    0.7985    0.7962    0.7103   0.01507   0.01404   0.00494
     54/99     20.5G   0.02186   0.01844  0.003293    0.0436       134       640    0.6406    0.8304    0.8201    0.8159    0.7339    0.0145   0.01375  0.004472
     55/99     20.5G   0.02148   0.01828  0.003202   0.04297       234       640    0.6749    0.8155    0.8096    0.8049    0.7241   0.01429    0.0135  0.005122
     56/99     20.5G   0.02171   0.01845  0.003271   0.04343       190       640    0.6465    0.8185    0.8059    0.8036    0.7202   0.01445   0.01367  0.004223
     57/99     20.5G   0.02116   0.01828  0.002998   0.04243       186       640    0.7741    0.7735    0.8004    0.7983    0.7209   0.01451    0.0136  0.004339
     58/99     20.5G    0.0216   0.01861  0.003145   0.04335       213       640    0.6213    0.8089    0.8084    0.8054    0.7301    0.0142   0.01331  0.004427
     59/99     20.5G   0.02117   0.01807  0.003067   0.04231       197       640    0.6806    0.8066    0.8042    0.8025    0.7297    0.0139   0.01318  0.004211
     60/99     20.5G   0.02108   0.01766   0.00298   0.04171       157       640    0.6683    0.8339    0.8192    0.8167    0.7488   0.01361   0.01288  0.004798
     61/99     20.5G   0.02068   0.01743  0.002957   0.04107       201       640    0.7638     0.789    0.8013    0.7989    0.7373   0.01346   0.01285     0.005
     62/99     20.5G   0.02071   0.01757  0.003119    0.0414       201       640    0.7242    0.8118    0.8203    0.8182    0.7459   0.01349   0.01269  0.004955
     63/99     20.5G   0.02043   0.01717  0.003264   0.04087       248       640    0.7831    0.7841     0.809    0.8061    0.7403   0.01342   0.01267  0.005132
     64/99     20.5G   0.02024   0.01703  0.003025    0.0403       168       640    0.7849    0.7883    0.8078     0.805     0.745   0.01314   0.01236  0.004844
     65/99     20.5G   0.01992   0.01659   0.00304   0.03955       207       640    0.7044    0.8279     0.821    0.8184    0.7619   0.01262   0.01186    0.0046
     66/99     20.5G   0.02008   0.01674  0.002961   0.03977       206       640     0.788    0.8021    0.8192    0.8171      0.76   0.01291    0.0122  0.004633
     67/99     20.5G    0.0195   0.01635  0.002951    0.0388       233       640    0.7493    0.8141    0.8096    0.8077    0.7515    0.0128   0.01199  0.004397
     68/99     20.5G   0.01955   0.01623  0.003009    0.0388       181       640     0.779    0.7887    0.8097     0.807    0.7469   0.01291   0.01214  0.004627
     69/99     20.5G   0.01963   0.01653  0.002932   0.03909       160       640    0.7488    0.7749    0.7971    0.7951    0.7477   0.01204    0.0112   0.00481
     70/99     20.5G   0.01942    0.0161  0.002924   0.03844       161       640    0.6901    0.7928    0.7754    0.7736    0.7185   0.01274   0.01195  0.004405
     71/99     20.5G   0.01931   0.01626  0.002936    0.0385       215       640     0.687    0.8287    0.7917    0.7894    0.7423   0.01219   0.01134  0.004364
     72/99     20.5G   0.01911   0.01594  0.002827   0.03788       153       640    0.6639    0.8182    0.7903    0.7884    0.7331    0.0123    0.0115  0.004425
     73/99     20.5G   0.01895   0.01583  0.002805   0.03759       169       640    0.7602    0.7485    0.7783    0.7769    0.7264   0.01217   0.01129   0.00446
     74/99     20.5G   0.01888   0.01587  0.002825   0.03757       223       640    0.6882    0.7893    0.7779     0.776    0.7278   0.01208   0.01121  0.004965
     75/99     20.5G   0.01878    0.0155  0.002759   0.03705       240       640    0.7726    0.7485     0.782    0.7799     0.737   0.01184   0.01095  0.005073
     76/99     20.5G   0.01892   0.01589  0.002698   0.03751       175       640    0.8189    0.7467    0.7964    0.7935    0.7476   0.01199   0.01111  0.004782
     77/99     20.5G    0.0184   0.01536  0.002654   0.03642       184       640    0.6819    0.8224    0.7757    0.7731    0.7241   0.01215   0.01133  0.004719
     78/99     20.5G   0.01836   0.01532  0.002602   0.03628       198       640    0.8387    0.7194    0.7701     0.768    0.7221   0.01201   0.01116  0.004695
     79/99     20.5G   0.01826   0.01497  0.002591   0.03582       127       640    0.8664    0.7424    0.7833    0.7812    0.7317    0.0122   0.01143  0.004664
     80/99     20.5G   0.01803   0.01499  0.002628   0.03565       182       640    0.9352    0.7301    0.7879    0.7861    0.7403   0.01201   0.01122  0.004945
     81/99     20.5G   0.01789   0.01475  0.002574   0.03522       154       640     0.796    0.7667    0.7917    0.7899    0.7463   0.01186   0.01101  0.004523
     82/99     20.5G   0.01828   0.01502  0.002698     0.036       193       640    0.8815    0.7381    0.7949    0.7932    0.7454   0.01182   0.01093  0.004617
     83/99     20.5G   0.01786   0.01467  0.002539   0.03507       175       640     0.813    0.7389    0.7847    0.7834     0.737   0.01183   0.01101  0.004561
     84/99     20.5G   0.01781    0.0148  0.002472   0.03508       152       640    0.8754    0.7359    0.7832    0.7814     0.745   0.01157   0.01059   0.00442
     85/99     20.5G   0.01774   0.01461  0.002516   0.03487       178       640     0.786    0.7924    0.8011    0.7991     0.756   0.01157   0.01066  0.004348
     86/99     20.5G   0.01761   0.01451  0.002452   0.03456       190       640    0.8089    0.7418    0.7726    0.7709    0.7296   0.01154   0.01073  0.004277
     87/99     20.5G   0.01757   0.01451  0.002268   0.03435       237       640    0.8435    0.7353    0.7793    0.7777     0.743   0.01151   0.01064  0.004592
     88/99     20.5G   0.01771    0.0147  0.002389   0.03481       216       640    0.8315    0.7393    0.7769    0.7755    0.7366   0.01155   0.01071  0.004501
     89/99     20.5G   0.01747   0.01425  0.002391   0.03411       246       640    0.8031    0.7485    0.7733    0.7713    0.7342   0.01149   0.01067  0.004364
     90/99     20.5G   0.01739   0.01451  0.002319   0.03422       169       640    0.7453    0.7892      0.78    0.7779    0.7432   0.01144   0.01049  0.004427
     91/99     20.5G   0.01777   0.01465  0.002342   0.03477       201       640    0.7665    0.8058    0.7909    0.7894    0.7494    0.0113   0.01033  0.004673
     92/99     20.5G   0.01753   0.01439  0.002412   0.03432       139       640    0.7896    0.7464    0.7739    0.7709    0.7366   0.01141   0.01049  0.004356
     93/99     20.5G   0.01718   0.01399  0.002343   0.03351       133       640    0.7548    0.8105    0.7759    0.7739    0.7361   0.01141    0.0105  0.004289
     94/99     20.5G   0.01735    0.0142  0.002374   0.03393       233       640    0.7623    0.7846    0.7707    0.7692    0.7319   0.01145   0.01057  0.004542
     95/99     20.5G   0.01734   0.01411  0.002284   0.03373       170       640    0.7618    0.7821    0.7961    0.7933    0.7561   0.01147   0.01065  0.004907
     96/99     20.5G   0.01751   0.01429  0.002318   0.03411       204       640     0.822    0.7617    0.7989    0.7971    0.7578   0.01151   0.01066  0.004622
     97/99     20.5G    0.0176   0.01451  0.002263   0.03437       193       640    0.8437    0.7574     0.791    0.7893    0.7507   0.01142   0.01059  0.004829
     98/99     20.5G   0.01738     0.014  0.002226    0.0336       162       640    0.8334     0.759    0.7886    0.7868    0.7452   0.01142   0.01053  0.004626
     99/99     20.5G   0.01742   0.01414  0.002294   0.03386       151       640    0.8187    0.7827    0.7947    0.7929    0.7524   0.01113   0.01017   0.00477
