      0/99     17.9G    0.1029   0.07102   0.02963    0.2036       160       640   0.01366   0.04662  0.002499 1.072e-05 0.0004148    0.1058    0.2571   0.03169
      1/99       21G   0.08145   0.05332   0.02043    0.1552       140       640    0.1497    0.3087    0.1555   0.01017   0.03872   0.07004   0.05951   0.01926
      2/99       21G   0.07106   0.04651   0.01631    0.1339       190       640    0.6287     0.368    0.2777  0.009602   0.06864   0.06801   0.06218   0.01594
      3/99       21G   0.06368   0.04378   0.01522    0.1227       166       640    0.5864    0.5678     0.578   0.08198    0.2137   0.05321   0.04505   0.01719
      4/99       21G   0.05177   0.03662   0.01207    0.1005       182       640    0.7685    0.7506    0.8088    0.4793    0.4603   0.03703   0.03174   0.01161
      5/99       21G   0.04617   0.03424    0.0104   0.09081       171       640    0.7185    0.6988    0.7846    0.4412    0.4429   0.03683   0.03731   0.01469
      6/99       21G   0.04232   0.03188  0.009039   0.08324       202       640    0.7701      0.64    0.7589     0.546    0.4736   0.03705   0.03422   0.01676
      7/99       21G   0.03956   0.03053   0.00838   0.07846       115       640    0.8194    0.7331    0.8423    0.6544    0.5591   0.02938   0.03002   0.01199
      8/99       21G   0.03781   0.02852  0.007703   0.07403       200       640    0.8383    0.8136    0.8837    0.7494    0.6249   0.02778   0.02596  0.009165
      9/99       21G   0.03624   0.02776  0.007125   0.07113       205       640     0.782    0.7339    0.8094    0.6323     0.541   0.03069   0.02901   0.01084
     10/99       21G   0.03529   0.02756  0.006896   0.06974       150       640    0.8364    0.8307    0.8994    0.8317    0.6801   0.02421   0.02282  0.009278
     11/99       21G   0.03358    0.0268  0.006294   0.06667       186       640    0.8168    0.7573     0.864    0.8034    0.6603   0.02534   0.02505   0.01422
     12/99       21G   0.03313   0.02631  0.006092   0.06553       239       640    0.8492     0.797    0.8721    0.8154    0.6799   0.02282   0.02222   0.01263
     13/99       21G   0.03197   0.02581  0.005751   0.06353       134       640    0.8926    0.8483    0.9118    0.8487    0.6948   0.02344   0.02181   0.00657
     14/99       21G   0.03132   0.02565  0.005688   0.06266       168       640    0.8891    0.8113    0.9015    0.8521    0.7226   0.02113   0.02149  0.008425
     15/99       21G   0.03115   0.02467   0.00536   0.06119       174       640    0.9093    0.8433    0.9213    0.8945    0.7611   0.02017   0.02039  0.006051
     16/99       21G   0.02993    0.0242  0.005459   0.05959       199       640    0.8675    0.8775    0.9164    0.8808    0.7399   0.02058   0.01986  0.007237
     17/99       21G   0.02968   0.02402  0.005091   0.05879       164       640    0.8636    0.8604    0.9147    0.8841    0.7453   0.01999   0.01951  0.006562
     18/99       21G    0.0296     0.024  0.004758   0.05836       271       640    0.8986    0.8799    0.9203    0.8927    0.7565   0.01977   0.01881  0.006242
     19/99       21G   0.02894   0.02319  0.004707   0.05684       166       640    0.8977    0.8628    0.9171    0.8901    0.7576   0.01967   0.01876  0.006482
     20/99       21G   0.02858   0.02309  0.004897   0.05656       176       640    0.8506    0.8404    0.9017    0.8772    0.7543   0.01899   0.01796  0.009172
     21/99       21G   0.02801   0.02274  0.004534   0.05528       153       640    0.9122     0.874    0.9342    0.9182    0.7956   0.01769   0.01716  0.006059
     22/99       21G   0.02758   0.02267   0.00444   0.05469       276       640    0.9237    0.8834    0.9308    0.9092     0.783    0.0184    0.0173  0.004742
     23/99       21G   0.02749   0.02245  0.004193   0.05413       177       640    0.9112    0.9012    0.9376    0.9201    0.7963   0.01827   0.01778  0.005043
     24/99       21G   0.02707   0.02184  0.004242   0.05315       254       640    0.8963    0.8615    0.9106    0.8914    0.7753    0.0182   0.01826  0.006046
     25/99       21G   0.02659   0.02218  0.004281   0.05305       199       640    0.8915    0.8964    0.9257    0.9148    0.7975   0.01756   0.01703  0.005117
     26/99       21G   0.02697   0.02172  0.004128   0.05282       105       640    0.8867    0.8634    0.9161    0.9039    0.7864   0.01773   0.01708  0.006743
     27/99       21G   0.02614   0.02112  0.004039    0.0513       257       640     0.917    0.8886    0.9326    0.9204    0.7977    0.0176   0.01668  0.005742
     28/99       21G   0.02595   0.02128  0.003889   0.05112       189       640    0.9213    0.8698    0.9292    0.9153    0.8073    0.0168   0.01642  0.005999
     29/99       21G   0.02579   0.02116  0.003897   0.05085       180       640    0.8838    0.8728    0.9217    0.9072    0.7935   0.01715   0.01685  0.007931
     30/99       21G   0.02551   0.02121  0.003794   0.05052       123       640    0.8499    0.8568    0.9017    0.8913    0.7871   0.01665   0.01596  0.007272
     31/99       21G   0.02497   0.02024  0.003696   0.04891       200       640    0.8274    0.8681    0.8903    0.8825     0.787   0.01603   0.01564  0.007859
     32/99       21G   0.02493   0.02049  0.003512   0.04893       189       640    0.9232    0.9007    0.9306    0.9226    0.8245   0.01577   0.01527  0.005035
     33/99       21G   0.02491   0.02058  0.003502   0.04899       202       640    0.9191    0.8838    0.9314    0.9247    0.8178   0.01619   0.01546  0.004976
     34/99       21G   0.02462   0.02038  0.003651   0.04865       153       640    0.8977    0.8927     0.939    0.9281    0.8166   0.01665   0.01607  0.005018
     35/99       21G    0.0244   0.02013   0.00349   0.04802       196       640    0.9262    0.9121    0.9503    0.9402    0.8123   0.01707   0.01645  0.003881
     36/99       21G   0.02425   0.01979  0.003414   0.04745       170       640    0.9068    0.9025    0.9418    0.9351    0.8289   0.01588   0.01569  0.004579
     37/99       21G   0.02383   0.01975  0.003483   0.04706       265       640    0.9308    0.9209    0.9489    0.9403    0.8257   0.01639   0.01537  0.003913
     38/99       21G   0.02393   0.01958  0.003382    0.0469       190       640    0.9181     0.891    0.9331    0.9275     0.831   0.01557   0.01477  0.004891
     39/99       21G   0.02375   0.01954  0.003335   0.04662       195       640    0.9166    0.8957    0.9425     0.937    0.8365   0.01567   0.01503   0.00467
     40/99       21G   0.02364   0.01965  0.003327   0.04661       210       640    0.9054    0.8712    0.9218    0.9156    0.8184   0.01521   0.01469  0.006921
     41/99       21G     0.023   0.01918  0.003118    0.0453       189       640    0.9232    0.8984    0.9344    0.9266    0.8306   0.01551   0.01452  0.005012
     42/99       21G   0.02333   0.01983  0.003151   0.04631       191       640    0.9121    0.9044      0.94    0.9329    0.8371   0.01549    0.0147  0.004647
     43/99       21G   0.02292   0.01888  0.003014   0.04481       180       640    0.9215    0.9004    0.9295    0.9247    0.8366   0.01501   0.01444   0.00489
     44/99       21G   0.02272   0.01885  0.003044   0.04462       179       640    0.9462    0.9027    0.9454    0.9408    0.8476   0.01505   0.01415  0.004317
     45/99       21G   0.02266   0.01892  0.003166   0.04475       193       640    0.9313    0.9064    0.9411    0.9367    0.8387   0.01513   0.01441   0.00467
     46/99       21G   0.02238   0.01845  0.003079   0.04391       218       640    0.9324    0.9105    0.9441    0.9385    0.8484   0.01533   0.01471  0.004014
     47/99       21G   0.02229   0.01872  0.002981   0.04399       231       640    0.9257       0.9    0.9403    0.9345    0.8416   0.01495   0.01417  0.004549
     48/99       21G   0.02211   0.01838  0.003047   0.04354       164       640    0.9067    0.8897    0.9305    0.9245    0.8289   0.01513   0.01439  0.005149
     49/99       21G   0.02177   0.01813  0.002891    0.0428       132       640     0.941    0.9046     0.945    0.9402    0.8539   0.01461   0.01393  0.004656
     50/99       21G   0.02147   0.01797  0.003005   0.04245       182       640    0.9312    0.9095    0.9424    0.9364     0.845   0.01486   0.01423  0.004188
     51/99       21G   0.02174   0.01811  0.002922   0.04277       140       640    0.9175    0.8844    0.9374    0.9318     0.846   0.01439    0.0137  0.006196
     52/99       21G   0.02141   0.01806  0.002782   0.04226       177       640    0.9218    0.9138    0.9421    0.9347    0.8524    0.0146   0.01398  0.004168
     53/99       21G   0.02139   0.01785  0.002711   0.04195       214       640    0.9333    0.9168    0.9451    0.9416    0.8521   0.01461   0.01385  0.003761
     54/99       21G   0.02119   0.01781  0.002811    0.0418       171       640    0.9304     0.888    0.9427    0.9378    0.8453   0.01467   0.01366  0.004926
     55/99       21G    0.0211   0.01745  0.002813   0.04136       163       640    0.9359    0.8947    0.9329    0.9298    0.8407   0.01449   0.01359  0.005482
     56/99       21G   0.02087   0.01728  0.002642    0.0408       208       640    0.9309     0.897    0.9449      0.94     0.853   0.01428   0.01352  0.005505
     57/99       21G   0.02092   0.01762   0.00259   0.04113       128       640     0.927    0.9004    0.9361    0.9329    0.8582   0.01391    0.0132  0.004721
     58/99       21G   0.02098   0.01765  0.002642   0.04127       242       640    0.9269    0.9119    0.9384    0.9356    0.8558   0.01411   0.01345  0.004277
     59/99       21G   0.02059   0.01726  0.002517   0.04037       200       640      0.93    0.8863    0.9319    0.9268    0.8448    0.0141   0.01343  0.005875
     60/99       21G   0.02058   0.01711  0.002643   0.04033       257       640    0.8883    0.8971    0.9172    0.9141    0.8394   0.01385   0.01317  0.005146
     61/99       21G   0.02033   0.01712  0.002607   0.04006       197       640    0.9129    0.9172    0.9376     0.933    0.8475   0.01402   0.01324  0.004099
     62/99       21G   0.02042   0.01701  0.002434   0.03986       185       640    0.9273    0.9106    0.9325    0.9291    0.8537   0.01365   0.01289   0.00432
     63/99       21G    0.0203   0.01697   0.00257   0.03984       177       640    0.9474    0.9189    0.9469    0.9446    0.8647   0.01381   0.01297  0.003537
     64/99       21G   0.01993   0.01642  0.002467   0.03882       155       640    0.9502    0.9056    0.9471    0.9447    0.8701   0.01353   0.01284  0.004259
     65/99       21G   0.01978   0.01661  0.002308    0.0387       187       640    0.9382    0.9217    0.9439    0.9401    0.8622   0.01391   0.01311  0.003757
     66/99       21G   0.01953   0.01622  0.002385   0.03814       173       640    0.9351    0.9135    0.9395    0.9367    0.8613   0.01355   0.01275  0.004507
     67/99       21G   0.01958   0.01633  0.002346   0.03825       146       640    0.9398    0.9124    0.9498    0.9467    0.8785   0.01317   0.01247  0.003757
     68/99       21G   0.01932   0.01609  0.002454   0.03786       269       640      0.93    0.9231    0.9458    0.9414    0.8725   0.01345   0.01274  0.003662
     69/99       21G   0.01939   0.01623  0.002312   0.03793       177       640    0.9476    0.9055    0.9437    0.9415     0.872   0.01307   0.01222  0.003961
     70/99       21G   0.01892   0.01569  0.002357   0.03697       133       640    0.9338    0.9222     0.949    0.9446    0.8834   0.01269   0.01208  0.004409
     71/99       21G   0.01878   0.01566  0.002296   0.03674       223       640     0.949    0.9123    0.9423    0.9397    0.8796   0.01261   0.01187  0.004282
     72/99       21G   0.01872   0.01561  0.002308   0.03664       258       640    0.9393    0.9005    0.9468     0.944    0.8838   0.01273     0.012  0.005052
     73/99       21G   0.01861   0.01527  0.002319   0.03621       202       640    0.9301     0.916    0.9412    0.9387    0.8717   0.01298    0.0123  0.003656
     74/99       21G   0.01841   0.01497  0.002346   0.03572       209       640    0.9204    0.9274    0.9444    0.9416    0.8794   0.01264   0.01194  0.003978
     75/99       21G   0.01823   0.01511  0.002327   0.03567       152       640     0.934    0.9171    0.9446    0.9425    0.8901   0.01217   0.01145  0.003981
     76/99       21G   0.01846   0.01514  0.002326   0.03593       180       640      0.94    0.9004    0.9453    0.9433    0.8802   0.01264     0.012  0.004335
     77/99       21G   0.01822   0.01469  0.002157   0.03506       233       640     0.934    0.9198    0.9496    0.9471    0.8959   0.01201   0.01127  0.004219
     78/99       21G   0.01815    0.0147  0.002273   0.03513       205       640    0.9325    0.9258    0.9461    0.9447    0.8821   0.01265    0.0119  0.004041
     79/99       21G   0.01787   0.01479  0.002136    0.0348       165       640    0.9358    0.9241    0.9491    0.9479    0.8883   0.01238   0.01188  0.003812
     80/99       21G   0.01787   0.01486   0.00215   0.03488       191       640    0.9388    0.9183    0.9484    0.9473    0.8934   0.01198   0.01138  0.004077
     81/99       21G    0.0179   0.01459  0.002221   0.03471       190       640    0.9504    0.9151    0.9469     0.945    0.8915   0.01212   0.01147  0.003907
     82/99       21G   0.01774   0.01425  0.002213   0.03421       213       640    0.9445      0.91    0.9453    0.9439    0.8867   0.01219    0.0115  0.003961
     83/99       21G    0.0174   0.01396  0.002103   0.03347       215       640    0.9422    0.9082    0.9479     0.946    0.8936   0.01194   0.01127  0.004131
     84/99       21G   0.01737    0.0144  0.002075   0.03385       284       640    0.9393    0.9239    0.9469    0.9452    0.8961    0.0118   0.01113  0.003848
     85/99       21G   0.01754   0.01425  0.002143   0.03394       249       640     0.938    0.9157    0.9459    0.9436    0.8916    0.0119   0.01121  0.004295
     86/99       21G   0.01741   0.01417  0.002168   0.03374       198       640    0.9431    0.9214    0.9484    0.9465    0.8993   0.01168   0.01089   0.00374
     87/99       21G    0.0173   0.01401   0.00202   0.03333       168       640    0.9356    0.9284      0.95    0.9463    0.9012    0.0116   0.01089  0.003892
     88/99       21G   0.01709   0.01392  0.002094    0.0331       127       640    0.9333    0.9183    0.9411     0.939    0.8934   0.01164   0.01098  0.003899
     89/99       21G   0.01689   0.01356  0.001939   0.03239       203       640    0.9374    0.9244    0.9484    0.9467     0.905    0.0114   0.01071  0.004256
     90/99       21G   0.01677   0.01341  0.001955   0.03214       167       640    0.9479    0.9198    0.9483    0.9463    0.9049   0.01135   0.01059   0.00381
     91/99       21G   0.01707   0.01366  0.002021   0.03276       182       640    0.9393    0.9305    0.9494    0.9483    0.9031   0.01147   0.01075  0.004042
     92/99       21G   0.01683   0.01346  0.002006    0.0323       226       640     0.947    0.9105    0.9475    0.9451    0.8979   0.01168     0.011  0.004377
     93/99       21G    0.0169   0.01354   0.00198   0.03242       181       640    0.9421    0.9238     0.946    0.9445    0.8954   0.01172   0.01098  0.004316
     94/99       21G   0.01685   0.01328  0.002016   0.03215       188       640     0.943    0.9203    0.9466    0.9448    0.9047   0.01139   0.01066  0.004102
     95/99       21G   0.01682   0.01354  0.002004   0.03236       140       640    0.9454    0.9224    0.9471    0.9448    0.9048   0.01134   0.01056   0.00419
     96/99       21G   0.01686    0.0136  0.001953   0.03242       181       640    0.9419    0.9205    0.9468    0.9444    0.9051   0.01121   0.01042  0.004375
     97/99       21G   0.01654   0.01331  0.001943   0.03179       180       640    0.9431    0.9203    0.9451    0.9426    0.9016   0.01131   0.01059  0.004401
     98/99       21G   0.01673   0.01328  0.001996   0.03201       175       640    0.9489    0.9165    0.9485    0.9454    0.9058   0.01124    0.0106   0.00414
     99/99       21G   0.01634   0.01299  0.001897   0.03123       204       640    0.9479    0.9146    0.9431    0.9413     0.902   0.01114    0.0104  0.004009
