      0/99     18.1G   0.07699   0.04189         0    0.1189        35       640    0.6255    0.5023    0.5319   0.07481    0.1796    0.0545   0.02534         0
      1/99     20.4G   0.05542   0.02997         0   0.08539        39       640    0.6719    0.5888    0.6308    0.2014    0.2755   0.05203    0.0225         0
      2/99     20.4G   0.04869   0.02658         0   0.07527        41       640    0.3321    0.2865    0.2107   0.05553   0.08018   0.07182   0.02681         0
      3/99     20.4G    0.0433   0.02455         0   0.06785        42       640    0.9092    0.7952    0.8922    0.5038     0.492   0.03688   0.01622         0
      4/99     20.4G      0.04   0.02315         0   0.06315        50       640     0.905    0.8071    0.8964    0.5407     0.514   0.03656   0.01723         0
      5/99     20.4G   0.03826   0.02257         0   0.06083        38       640    0.8968    0.7719    0.8588    0.4545    0.4602   0.04023   0.01566         0
      6/99     20.4G   0.03707   0.02178         0   0.05885        48       640    0.8691    0.7865    0.8659    0.4824    0.4807   0.03789    0.0157         0
      7/99     20.4G   0.03597   0.02154         0   0.05751        45       640    0.9388     0.874    0.9406    0.6345    0.5779   0.03198   0.01345         0
      8/99     20.4G   0.03537   0.02117         0   0.05655        40       640    0.9253    0.8341     0.916    0.6129    0.5615   0.03262    0.0142         0
      9/99     20.4G   0.03444   0.02082         0   0.05526        50       640     0.948    0.8807    0.9435    0.6472    0.5847   0.03042   0.01328         0
     10/99     20.4G   0.03415   0.02074         0   0.05489        45       640     0.935    0.8767    0.9405    0.6744    0.5997   0.03002   0.01312         0
     11/99     20.4G   0.03373    0.0204         0   0.05413        38       640    0.9363    0.9047    0.9522    0.6701    0.5976   0.03044   0.01287         0
     12/99     20.4G    0.0333   0.02039         0   0.05369        33       640    0.9364    0.8199    0.9177    0.6083    0.5643   0.03246   0.01416         0
     13/99     20.4G   0.03291   0.02015         0   0.05306        36       640    0.9347    0.8626    0.9379    0.6545    0.5916   0.03027   0.01335         0
     14/99     20.4G   0.03269   0.01997         0   0.05266        41       640    0.9427    0.8816    0.9483    0.6636    0.6002   0.03006     0.013         0
     15/99     20.4G   0.03253   0.02011         0   0.05264        29       640    0.9334    0.8883    0.9438    0.6545    0.5955   0.03069   0.01297         0
     16/99     20.4G   0.03202   0.01975         0   0.05177        41       640    0.9327    0.8821    0.9357    0.6395    0.5833   0.03128   0.01319         0
     17/99     20.4G   0.03194   0.01975         0   0.05169        56       640     0.933    0.8677    0.9339    0.6614    0.5945   0.03039   0.01329         0
     18/99     20.4G   0.03164    0.0195         0   0.05115        49       640    0.9534    0.9021    0.9608    0.6976    0.6226   0.02839   0.01238         0
     19/99     20.4G   0.03154   0.01937         0   0.05091        43       640    0.9441       0.9    0.9512    0.6946    0.6155   0.02967   0.01252         0
     20/99     20.4G   0.03115   0.01934         0    0.0505        46       640    0.9397    0.8947    0.9481    0.6627    0.5979   0.02961   0.01298         0
     21/99     20.4G   0.03092   0.01901         0   0.04993        36       640    0.9397    0.8857     0.946    0.6713    0.6009   0.03033   0.01282         0
     22/99     20.4G   0.03081   0.01916         0   0.04997        47       640    0.9407    0.8965    0.9546    0.6806    0.6139   0.02919   0.01267         0
     23/99     20.4G    0.0306   0.01912         0   0.04972        52       640    0.9516    0.8914    0.9552    0.6617    0.5996   0.02959   0.01263         0
     24/99     20.4G    0.0305   0.01907         0   0.04958        31       640    0.9398    0.9021    0.9586    0.6805    0.6118   0.02885   0.01227         0
     25/99     20.4G   0.03037    0.0191         0   0.04946        48       640    0.9519    0.9034    0.9583    0.6828    0.6141   0.02861   0.01244         0
     26/99     20.4G   0.03016    0.0188         0   0.04895        43       640    0.9435    0.9005    0.9563    0.6881    0.6148   0.02899   0.01236         0
     27/99     20.4G   0.03001   0.01882         0   0.04883        58       640    0.9417    0.8986    0.9515    0.6676    0.6003   0.02929   0.01275         0
     28/99     20.4G   0.02992   0.01877         0   0.04869        47       640    0.9445    0.8913    0.9511    0.6833    0.6109   0.02907   0.01253         0
     29/99     20.4G   0.02975   0.01856         0   0.04831        37       640    0.9563    0.9123     0.963    0.7242    0.6326   0.02764   0.01209         0
     30/99     20.4G   0.02966    0.0186         0   0.04826        32       640    0.9409    0.9034    0.9557    0.7041    0.6221   0.02835   0.01233         0
     31/99     20.4G    0.0295   0.01847         0   0.04796        48       640    0.9469    0.8972    0.9516    0.6911    0.6178   0.02874   0.01234         0
     32/99     20.4G   0.02929   0.01841         0   0.04771        45       640    0.9489    0.9021    0.9596    0.6758    0.6084   0.02885   0.01227         0
     33/99     20.4G   0.02914   0.01836         0   0.04751        47       640    0.9518    0.9085    0.9625       0.7    0.6222   0.02826   0.01214         0
     34/99     20.4G   0.02913   0.01822         0   0.04735        37       640    0.9401    0.9064    0.9525    0.6675    0.6008   0.02963   0.01242         0
     35/99     20.4G   0.02897   0.01823         0    0.0472        43       640    0.9487    0.8991    0.9567    0.6846    0.6137   0.02867   0.01238         0
     36/99     20.4G   0.02882   0.01807         0   0.04689        42       640    0.9492    0.9095     0.961     0.689    0.6176   0.02876   0.01221         0
     37/99     20.4G   0.02885   0.01789         0   0.04674        45       640    0.9476     0.902    0.9558    0.6906    0.6178   0.02879    0.0124         0
     38/99     20.4G    0.0287   0.01824         0   0.04694        46       640    0.9481    0.9122    0.9623    0.7081    0.6245   0.02818   0.01216         0
     39/99     18.4G   0.02842   0.01779         0    0.0462        35       640    0.9472    0.9152    0.9632    0.6994    0.6261   0.02823   0.01213         0
     40/99     20.4G   0.02849   0.01807         0   0.04656        39       640    0.9467    0.9117    0.9604    0.6854    0.6166   0.02853   0.01238         0
     41/99     20.4G   0.02824   0.01784         0   0.04608        41       640    0.9551    0.8961    0.9552    0.6965    0.6235   0.02837   0.01227         0
     42/99     20.4G   0.02824   0.01785         0   0.04609        42       640    0.9488    0.9126    0.9601    0.7136    0.6284   0.02798    0.0121         0
     43/99     20.4G   0.02814   0.01772         0   0.04586        50       640      0.95    0.9163    0.9619    0.7144     0.634   0.02782   0.01202         0
     44/99     20.4G   0.02807   0.01788         0   0.04595        38       640    0.9504    0.9138    0.9605    0.7165     0.634   0.02774    0.0121         0
     45/99     20.4G   0.02787    0.0175         0   0.04537        48       640    0.9473    0.9013    0.9539    0.6942    0.6229   0.02865   0.01246         0
     46/99     20.4G   0.02766   0.01758         0   0.04524        45       640    0.9477    0.9062    0.9558    0.6899    0.6152   0.02876   0.01241         0
     47/99     20.4G   0.02758   0.01754         0   0.04512        40       640    0.9497    0.9105    0.9581    0.6807    0.6113   0.02873   0.01235         0
     48/99     20.4G   0.02729   0.01737         0   0.04466        50       640    0.9529    0.9057    0.9592     0.688    0.6101   0.02858   0.01232         0
     49/99     20.4G   0.02732   0.01745         0   0.04478        45       640    0.9485    0.9102    0.9598     0.698    0.6189   0.02829   0.01227         0
     50/99     20.4G    0.0272   0.01722         0   0.04443        38       640    0.9541    0.9087    0.9613    0.7047    0.6244     0.028   0.01215         0
     51/99     20.4G   0.02718   0.01738         0   0.04456        33       640    0.9456    0.9059    0.9556    0.7186    0.6283   0.02814   0.01235         0
     52/99     20.4G    0.0269    0.0172         0    0.0441        36       640    0.9418    0.9096    0.9563    0.7124    0.6285   0.02829   0.01232         0
     53/99     20.4G   0.02697   0.01714         0   0.04411        41       640    0.9388    0.9136    0.9573    0.7047    0.6233   0.02839   0.01234         0
     54/99     20.4G    0.0269   0.01728         0   0.04418        29       640    0.9474    0.9062    0.9593    0.6964     0.619   0.02841   0.01234         0
