      0/99     17.3G   0.07446   0.04132         0    0.1158       148       640    0.4271    0.4279    0.3588   0.01666   0.09654   0.06187   0.03477         0
      1/99     20.7G   0.05523   0.02965         0   0.08488        96       640     0.658    0.5201    0.5683    0.1062     0.209   0.05214   0.02103         0
      2/99     20.7G    0.0485   0.02597         0   0.07447        84       640    0.5675    0.3808    0.3982    0.1273    0.1671   0.06413   0.02374         0
      3/99     20.7G   0.04247   0.02405         0   0.06652       114       640    0.8977    0.7853    0.8706    0.4906    0.4864   0.03652   0.01674         0
      4/99     20.7G   0.03939   0.02291         0   0.06231       113       640    0.8114     0.618    0.7179    0.3336    0.3626   0.04509   0.01921         0
      5/99     20.7G   0.03786   0.02227         0   0.06013       101       640    0.8971    0.8431    0.9084    0.5556    0.5289   0.03385   0.01452         0
      6/99     20.7G   0.03678   0.02176         0   0.05853       107       640    0.8939    0.8402    0.9059    0.5556    0.5283   0.03464   0.01498         0
      7/99     20.7G   0.03584   0.02129         0   0.05713        94       640    0.9157    0.8555    0.9255    0.5667    0.5424   0.03401   0.01438         0
      8/99     20.7G   0.03493     0.021         0   0.05593        95       640    0.8981    0.8255    0.8967    0.4902    0.4961   0.03698   0.01479         0
      9/99     20.7G   0.03451   0.02063         0   0.05514       105       640    0.8782     0.787    0.8609    0.4195    0.4503   0.03936   0.01554         0
     10/99     20.7G   0.03406   0.02055         0   0.05461       131       640    0.9237    0.9045    0.9506    0.6314    0.5808   0.03087   0.01313         0
     11/99     20.7G   0.03345   0.02041         0   0.05386       101       640    0.9031    0.8368    0.9067     0.507    0.5064   0.03604   0.01447         0
     12/99     20.7G    0.0333    0.0203         0    0.0536        96       640    0.8882    0.7936    0.8693    0.4656    0.4747   0.03786   0.01548         0
     13/99     20.7G   0.03292   0.01995         0   0.05287       127       640    0.9054    0.8487    0.9147    0.5412    0.5295   0.03443   0.01438         0
     14/99     20.7G   0.03257   0.01992         0   0.05249       120       640    0.9452    0.9019    0.9585    0.6683    0.6072   0.02947   0.01261         0
     15/99     20.7G   0.03226   0.01975         0     0.052       103       640    0.9195    0.8379     0.917    0.5699    0.5446   0.03373   0.01393         0
     16/99     20.7G   0.03186    0.0196         0   0.05147       117       640    0.9391    0.8937    0.9498    0.6662    0.6002   0.03005   0.01293         0
     17/99     20.7G   0.03182   0.01956         0   0.05139       101       640    0.8901    0.8375    0.9017    0.5748    0.5422    0.0346   0.01402         0
     18/99     20.7G   0.03143    0.0192         0   0.05062        88       640    0.9391    0.8849     0.947    0.6288    0.5818   0.03113   0.01314         0
     19/99     20.7G   0.03139   0.01948         0   0.05086       103       640    0.9462    0.8961    0.9557    0.6846    0.6109    0.0295   0.01277         0
     20/99     20.7G   0.03123   0.01929         0   0.05052       122       640    0.8864    0.8375     0.901    0.5751    0.5393   0.03431    0.0143         0
     21/99     20.7G   0.03101    0.0191         0   0.05011        94       640    0.9438    0.8791    0.9457    0.6696    0.5997   0.03006   0.01306         0
     22/99     20.7G   0.03058   0.01903         0   0.04961       100       640    0.9543    0.9053    0.9628    0.6952    0.6213   0.02853   0.01224         0
     23/99     20.7G   0.03067   0.01892         0   0.04959       125       640      0.95     0.902    0.9603    0.7053    0.6222   0.02856   0.01238         0
     24/99     20.7G   0.03032    0.0189         0   0.04923       111       640    0.9357    0.8792    0.9441    0.6477    0.5897   0.03059   0.01288         0
     25/99     20.7G   0.03032   0.01873         0   0.04905       101       640    0.9364    0.8909    0.9463    0.6621    0.5955   0.03031    0.0129         0
     26/99     20.7G   0.02996   0.01872         0   0.04869       116       640    0.9435    0.9111    0.9613    0.6924    0.6162   0.02858   0.01234         0
     27/99     20.7G   0.02994    0.0186         0   0.04854        99       640    0.9365    0.8885    0.9479    0.6538    0.5947   0.02989   0.01269         0
     28/99     20.7G   0.02975   0.01851         0   0.04827       126       640     0.951    0.8979    0.9608    0.6927    0.6151   0.02886   0.01231         0
     29/99     20.7G   0.02977    0.0186         0   0.04837       119       640    0.9494    0.9089    0.9592    0.6875    0.6089    0.0288   0.01247         0
     30/99     20.7G   0.02964   0.01844         0   0.04808       104       640     0.943    0.9196    0.9623    0.6973    0.6142    0.0287   0.01233         0
     31/99     20.7G   0.02931   0.01841         0   0.04772       112       640    0.9443    0.9108    0.9598    0.6848    0.6097   0.02878   0.01229         0
     32/99     20.7G   0.02916   0.01835         0   0.04751        96       640    0.9484    0.9023    0.9591    0.6913    0.6138   0.02855   0.01251         0
     33/99     20.7G   0.02904    0.0183         0   0.04734        78       640    0.9432    0.9142    0.9627    0.6994    0.6193   0.02825   0.01222         0
     34/99     20.7G   0.02898   0.01818         0   0.04715       106       640    0.9434    0.9117      0.96    0.6908    0.6119   0.02858   0.01236         0
     35/99     20.7G   0.02882   0.01809         0   0.04691       105       640    0.9423    0.9211    0.9627    0.7072    0.6264   0.02763   0.01212         0
     36/99     20.7G   0.02884   0.01805         0   0.04689       108       640    0.9472    0.9186    0.9636    0.7027    0.6226   0.02796   0.01216         0
     37/99     20.7G   0.02869   0.01794         0   0.04663       127       640    0.9552    0.9111    0.9647    0.6886    0.6161   0.02831   0.01207         0
     38/99     20.7G   0.02861    0.0179         0   0.04651       111       640    0.9465    0.9258    0.9661    0.7224    0.6296   0.02735   0.01199         0
     39/99     20.7G   0.02842   0.01784         0   0.04626        90       640    0.9589    0.9143    0.9668    0.7253    0.6378   0.02725   0.01185         0
     40/99     20.7G   0.02828    0.0177         0   0.04597       125       640    0.9496    0.9114    0.9617    0.7026    0.6244   0.02812   0.01214         0
     41/99     20.7G   0.02821     0.018         0   0.04622        92       640    0.9538    0.9052    0.9639    0.7098    0.6264   0.02752   0.01214         0
     42/99     20.7G   0.02811   0.01774         0   0.04585       109       640    0.9559    0.9178    0.9666    0.7272    0.6386    0.0272   0.01182         0
     43/99     20.7G   0.02799   0.01782         0   0.04581        71       640    0.9488    0.9188    0.9659    0.7141    0.6325   0.02729   0.01191         0
     44/99     20.7G   0.02795   0.01774         0   0.04569       106       640    0.9549    0.9156    0.9658    0.7214    0.6343   0.02704   0.01197         0
     45/99     20.7G   0.02792   0.01757         0   0.04549       102       640    0.9535    0.9207    0.9681    0.7156    0.6319     0.027   0.01186         0
     46/99     20.7G   0.02767   0.01771         0   0.04538       123       640     0.951    0.9167     0.966    0.7104     0.628   0.02771   0.01202         0
     47/99     20.7G   0.02757   0.01737         0   0.04493       147       640    0.9533    0.9164    0.9647    0.7221     0.631   0.02755   0.01203         0
     48/99     20.7G    0.0275   0.01746         0   0.04496        82       640    0.9503    0.9135    0.9629    0.7032    0.6212   0.02817   0.01229         0
     49/99     20.7G   0.02737   0.01748         0   0.04485       116       640    0.9511    0.9171    0.9654    0.7144    0.6312   0.02744   0.01205         0
     50/99     20.7G   0.02733   0.01713         0   0.04445       107       640    0.9492    0.9179    0.9642    0.7162    0.6323    0.0277   0.01207         0
     51/99     20.7G   0.02711   0.01726         0   0.04437       129       640    0.9556     0.917    0.9677    0.7266    0.6362   0.02718   0.01199         0
     52/99     20.7G   0.02713   0.01719         0   0.04432        71       640    0.9487    0.9165    0.9647    0.7281    0.6357   0.02736   0.01211         0
     53/99     20.7G   0.02688   0.01716         0   0.04404       116       640    0.9559    0.9207    0.9672    0.7355    0.6414    0.0271   0.01192         0
     54/99     20.7G   0.02677   0.01705         0   0.04381       123       640    0.9576    0.9167     0.967    0.7372    0.6429   0.02702   0.01192         0
     55/99     20.7G   0.02665   0.01701         0   0.04366       102       640    0.9557    0.9175    0.9662    0.7266     0.637   0.02725   0.01201         0
     56/99     20.7G   0.02653   0.01689         0   0.04342       108       640     0.951     0.917    0.9656    0.7229    0.6347   0.02733   0.01213         0
     57/99     20.7G    0.0267   0.01685         0   0.04355        98       640    0.9488    0.9162    0.9642    0.7142    0.6308   0.02746   0.01221         0
     58/99     20.7G    0.0264   0.01683         0   0.04323       107       640    0.9451    0.9168    0.9639    0.7162    0.6307   0.02752   0.01226         0
     59/99     20.7G   0.02626     0.017         0   0.04326        82       640     0.946    0.9184    0.9653    0.7138    0.6315   0.02746   0.01223         0
     60/99     20.7G    0.0263    0.0169         0    0.0432       100       640    0.9534    0.9115    0.9652    0.7168    0.6317   0.02738    0.0122         0
     61/99     20.7G   0.02613   0.01692         0   0.04305       112       640    0.9488     0.914    0.9649    0.7186     0.633   0.02734    0.0122         0
     62/99     20.7G   0.02587   0.01668         0   0.04256       128       640    0.9514    0.9125    0.9646    0.7243    0.6336   0.02732   0.01218         0
     63/99     20.7G   0.02591   0.01661         0   0.04252        94       640    0.9532     0.911    0.9657    0.7309    0.6361   0.02715   0.01213         0
     64/99     20.7G   0.02573   0.01665         0   0.04238       121       640    0.9404    0.9213    0.9647    0.7227    0.6327   0.02733   0.01222         0
     65/99     20.7G   0.02563   0.01655         0   0.04218        80       640    0.9507    0.9111    0.9635    0.7179    0.6298   0.02741    0.0123         0
     66/99     20.7G   0.02557   0.01644         0   0.04201       120       640    0.9435    0.9214    0.9645    0.7165      0.63   0.02739   0.01228         0
     67/99     20.7G   0.02548   0.01638         0   0.04186        94       640    0.9535    0.9127    0.9644    0.7239    0.6313   0.02732    0.0123         0
     68/99     20.7G   0.02536   0.01633         0   0.04169        98       640    0.9529    0.9099    0.9637    0.7203    0.6307   0.02741   0.01237         0
     69/99     20.7G   0.02513   0.01642         0   0.04155       127       640    0.9525    0.9122    0.9642      0.72    0.6297   0.02752    0.0124         0
     70/99     20.7G   0.02505   0.01629         0   0.04135       107       640    0.9461    0.9144    0.9627    0.7219    0.6299   0.02755   0.01247         0
     71/99     20.7G   0.02514    0.0162         0   0.04134       106       640    0.9532    0.9073    0.9619    0.7198    0.6298   0.02761   0.01252         0
     72/99     20.7G   0.02487   0.01616         0   0.04102       127       640    0.9524    0.9083    0.9621    0.7225    0.6303   0.02753   0.01251         0
     73/99     20.7G   0.02482   0.01613         0   0.04095       102       640    0.9499    0.9087    0.9608    0.7235    0.6303   0.02753   0.01256         0
     74/99     20.7G   0.02463   0.01603         0   0.04066        79       640    0.9514    0.9078    0.9608    0.7238    0.6304   0.02753    0.0126         0
     75/99     20.7G   0.02456   0.01606         0   0.04062        88       640    0.9513    0.9066    0.9605    0.7247    0.6295   0.02756   0.01263         0
     76/99     20.7G   0.02444   0.01596         0    0.0404       113       640    0.9506    0.9058    0.9602    0.7232    0.6288   0.02762   0.01265         0
     77/99     20.7G   0.02445   0.01591         0   0.04036       110       640    0.9444    0.9099    0.9601    0.7201    0.6286   0.02766   0.01266         0
     78/99     20.7G   0.02428   0.01591         0   0.04018       123       640     0.949    0.9064    0.9603    0.7191    0.6279   0.02769   0.01267         0
     79/99     20.7G   0.02428    0.0157         0   0.03998       102       640    0.9444    0.9107    0.9606    0.7214    0.6281   0.02768   0.01267         0
     80/99     20.7G    0.0242   0.01588         0   0.04008       116       640     0.948    0.9081    0.9604    0.7216    0.6278   0.02766   0.01266         0
     81/99     20.7G   0.02411   0.01548         0   0.03959       117       640    0.9483    0.9086    0.9607    0.7206    0.6273   0.02766   0.01266         0
     82/99     20.7G   0.02396   0.01564         0    0.0396       101       640    0.9512    0.9062    0.9604    0.7202    0.6276   0.02765   0.01265         0
     83/99     20.7G   0.02386   0.01553         0   0.03938       109       640    0.9518    0.9056    0.9611    0.7219    0.6284   0.02762   0.01265         0
     84/99     20.7G   0.02382   0.01539         0   0.03922       100       640    0.9524    0.9053     0.961    0.7233    0.6291   0.02759   0.01264         0
     85/99     20.7G   0.02367   0.01549         0   0.03916       106       640    0.9523    0.9069    0.9613    0.7237    0.6295   0.02758   0.01264         0
     86/99     20.7G   0.02346   0.01518         0   0.03864       111       640    0.9546    0.9043    0.9615     0.724    0.6295   0.02758   0.01264         0
     87/99     20.7G   0.02332   0.01528         0    0.0386       120       640    0.9556    0.9047    0.9617    0.7247    0.6293   0.02758   0.01264         0
     88/99     20.7G   0.02331   0.01532         0   0.03863       131       640    0.9546    0.9062    0.9619     0.725    0.6293   0.02758   0.01264         0
     89/99     20.7G   0.02322   0.01517         0   0.03839       106       640    0.9547    0.9059    0.9614    0.7262    0.6297   0.02757   0.01265         0
     90/99     20.7G   0.02315   0.01519         0   0.03834        81       640     0.955    0.9054    0.9614    0.7255    0.6296   0.02758   0.01267         0
     91/99     20.7G   0.02313   0.01502         0   0.03815        91       640     0.955    0.9043    0.9615    0.7256    0.6295   0.02759   0.01268         0
     92/99     20.7G   0.02309   0.01516         0   0.03825        85       640    0.9566    0.9023    0.9614    0.7248    0.6292   0.02762    0.0127         0
     93/99     20.7G   0.02307   0.01511         0   0.03818       122       640    0.9551    0.9029    0.9614    0.7252    0.6289   0.02763   0.01272         0
     94/99     20.7G   0.02278   0.01492         0    0.0377        95       640    0.9556    0.9018    0.9609    0.7248    0.6286   0.02764   0.01273         0
     95/99     20.7G   0.02283   0.01499         0   0.03781       100       640    0.9554    0.9019    0.9609    0.7244     0.628   0.02765   0.01274         0
     96/99     20.7G   0.02262   0.01491         0   0.03753        81       640    0.9564    0.9015    0.9611    0.7251    0.6277   0.02766   0.01275         0
     97/99     20.7G   0.02262   0.01489         0   0.03751       126       640    0.9555     0.902    0.9612     0.725    0.6282   0.02767   0.01276         0
     98/99     20.7G   0.02259   0.01498         0   0.03757       102       640    0.9547    0.9019    0.9608    0.7236    0.6281   0.02768   0.01276         0
     99/99     20.7G   0.02248   0.01484         0   0.03732       125       640    0.9568    0.9006    0.9607    0.7233    0.6284   0.02768   0.01277         0
