      0/99     16.8G    0.1038   0.07732   0.03411    0.2152       173       640     0.261  0.002982 0.0004878 6.169e-07 9.759e-05   0.09568   0.07684   0.03343
      1/99     16.5G   0.08654   0.05834   0.02343    0.1683       222       640    0.3738    0.2686    0.1477  0.004441   0.03677   0.06762   0.05513   0.02392
      2/99     16.5G   0.07216   0.04757   0.01796    0.1377       140       640    0.7754     0.271    0.2632   0.01084   0.07552   0.06605    0.1262   0.01823
      3/99     16.5G   0.06321    0.0435   0.01579    0.1225       204       640    0.4496    0.3857    0.3951    0.1017    0.1671   0.05178   0.09833   0.01666
      4/99     16.5G   0.05319   0.03841   0.01345     0.105       155       640    0.7872    0.5292    0.5683    0.3606     0.331   0.03579   0.03529   0.01341
      5/99     16.5G   0.04593   0.03503   0.01161   0.09256       220       640    0.8382    0.4686    0.5309    0.3423    0.3111   0.04537   0.04608   0.01591
      6/99     16.5G   0.04316     0.033   0.01034   0.08649       152       640    0.8484    0.5637    0.6383    0.5143    0.4279    0.0307    0.0272   0.01348
      7/99     16.5G    0.0398   0.03144  0.009254   0.08049       207       640    0.8561    0.5571    0.6731     0.522    0.4515   0.02917   0.02608   0.01388
      8/99     16.5G   0.03839   0.03001  0.008655   0.07705       215       640    0.8771    0.6155     0.674    0.5909    0.4836   0.02685   0.02422   0.01004
      9/99     16.5G   0.03702   0.02888  0.007987   0.07389       257       640    0.8244    0.5344    0.6759    0.5552    0.4713   0.02676   0.02581   0.01865
     10/99     16.5G   0.03496   0.02791  0.007848   0.07071       201       640    0.8748    0.6094    0.6871    0.6328    0.5245   0.02303   0.02198  0.009973
     11/99     16.5G   0.03445   0.02702  0.007353   0.06882       118       640    0.8729    0.5802    0.6975    0.6397    0.5327   0.02297   0.02135     0.013
     12/99     16.5G   0.03351   0.02653  0.006956   0.06699       118       640    0.8207    0.5666    0.6275    0.5891    0.4875   0.02289   0.02199   0.01249
     13/99     16.5G   0.03251   0.02602  0.006536   0.06506       200       640    0.8708    0.5869    0.6727    0.6433    0.5406   0.02142    0.0204   0.01003
     14/99     16.5G   0.03163   0.02551  0.006331   0.06348       198       640    0.8272    0.5524    0.6491    0.5833    0.4977   0.02286   0.02131   0.02159
     15/99     16.5G   0.03139   0.02546   0.00629   0.06314       183       640    0.9007    0.6051    0.6778     0.645    0.5362   0.02199   0.02041  0.009389
     16/99     16.5G   0.03129   0.02541  0.006197    0.0629       150       640    0.8516    0.6192    0.7245    0.6731     0.578   0.02022   0.01918  0.009437
     17/99     16.5G   0.03038   0.02421   0.00585   0.06044       194       640    0.8998    0.6431    0.7116     0.681    0.5841   0.01972   0.01895  0.006556
     18/99     16.5G   0.03001   0.02429  0.005918   0.06022       139       640    0.9038    0.6033    0.7482    0.7142    0.6037   0.01974    0.0187   0.01153
     19/99     16.5G   0.02921   0.02384  0.005522   0.05857       163       640    0.9248     0.618    0.7191     0.696     0.595   0.01932   0.01829  0.009091
     20/99     16.5G   0.02925   0.02377  0.005541   0.05856       228       640    0.8866    0.6044    0.6908    0.6502    0.5627   0.01927   0.02069   0.01103
     21/99     16.5G   0.02867   0.02311  0.005283   0.05707       197       640    0.9226    0.6314    0.7008    0.6804    0.5809    0.0189   0.01784  0.007039
     22/99     16.5G   0.02822   0.02353  0.005093   0.05684       174       640    0.9005    0.5808    0.6844    0.6576    0.5681   0.01869   0.01772   0.01214
     23/99     16.5G    0.0278   0.02319  0.004982   0.05597       300       640    0.9326      0.63    0.7245    0.7015    0.6155   0.01814   0.01702  0.007837
     24/99     16.5G   0.02771   0.02241  0.004937   0.05506       226       640     0.935    0.6401    0.7155    0.7044    0.6083   0.01793   0.01683  0.006381
     25/99     16.5G   0.02731   0.02286  0.004703   0.05487       233       640    0.9263    0.6365    0.7188    0.6964     0.614   0.01723   0.01626  0.006243
     26/99     16.5G   0.02746   0.02271   0.00484   0.05501       201       640    0.9296    0.6423    0.7098    0.6979     0.595   0.01856   0.01731  0.006895
     27/99     16.5G    0.0267    0.0224  0.004733   0.05384       172       640    0.9027    0.6413    0.7168    0.7087    0.6197   0.01695   0.01611  0.006642
     28/99     16.5G   0.02672   0.02222  0.004728   0.05366       168       640    0.9205    0.6519    0.7211       0.7    0.6206   0.01659    0.0161   0.00692
     29/99     16.5G   0.02638   0.02195  0.004527   0.05286       184       640    0.9377    0.6403    0.7434    0.7339    0.6391   0.01703    0.0163  0.006835
     30/99     16.5G   0.02629   0.02195  0.004304   0.05255       111       640    0.9013    0.6372    0.7013    0.6915    0.6057   0.01642   0.01549  0.006849
     31/99     16.5G   0.02606   0.02185  0.004253   0.05217       190       640    0.9433    0.6429    0.7146     0.695     0.608   0.01723   0.01643  0.005702
     32/99     16.5G   0.02547   0.02125  0.004196   0.05092       190       640     0.902    0.6329    0.6924    0.6746    0.5965   0.01667   0.01579   0.00673
     33/99     16.5G   0.02497   0.02091  0.004402   0.05029       131       640    0.9375    0.6548    0.7608    0.7389    0.6596   0.01614   0.01535  0.005443
     34/99     16.5G   0.02516   0.02127  0.004209   0.05064       209       640    0.9302    0.6464    0.7327    0.7099    0.6296   0.01623   0.01526  0.007011
     35/99     16.5G   0.02492   0.02096  0.004143   0.05002       192       640    0.9356     0.656      0.77    0.7648    0.6677   0.01627   0.01538  0.005806
     36/99     16.5G   0.02491   0.02056  0.004085   0.04956       141       640     0.922    0.6676    0.7522    0.7444    0.6494   0.01619    0.0155  0.005419
     37/99     16.5G   0.02431   0.02043  0.004086   0.04882       168       640    0.8898    0.6508    0.7085    0.7026    0.6235   0.01577   0.01511  0.006369
     38/99     16.5G   0.02419   0.02072   0.00413   0.04904       206       640    0.9105    0.6593    0.7555    0.7266    0.6525   0.01584   0.01502   0.00625
     39/99     16.5G   0.02423    0.0202  0.003958   0.04839       165       640    0.9253    0.6667    0.7766    0.7703    0.6831   0.01569   0.01479  0.005288
     40/99     16.5G   0.02417   0.02001  0.003989   0.04817       270       640    0.9305    0.6381     0.758    0.7517    0.6607   0.01607   0.01504  0.006688
     41/99     16.5G   0.02367    0.0199  0.003907   0.04748       170       640    0.9235    0.6651    0.7572    0.7527    0.6723    0.0154   0.01449  0.005687
     42/99     16.5G   0.02393   0.01989   0.00379   0.04761       225       640     0.644    0.7818    0.7702    0.7666    0.6757   0.01568   0.01477  0.006222
     43/99     16.5G   0.02353   0.01953  0.003827   0.04689       150       640    0.9103    0.6672    0.7416     0.736    0.6522   0.01564   0.01465  0.005597
     44/99     16.5G   0.02321   0.01936  0.003607   0.04618       263       640    0.9253    0.6699    0.7527    0.7482    0.6674   0.01516   0.01453  0.005391
     45/99     16.5G   0.02304   0.01978  0.003609   0.04643       171       640    0.9303    0.6671    0.7812     0.747    0.6855   0.01503   0.01429  0.005378
     46/99     16.5G   0.02324   0.01953  0.003605   0.04637       189       640    0.9297    0.6652    0.7648    0.7608    0.6768   0.01499   0.01408  0.005139
     47/99     16.5G    0.0232   0.01935  0.003574   0.04612       199       640    0.9268    0.6594    0.7519     0.748    0.6708   0.01506   0.01424  0.005333
     48/99     16.5G   0.02286   0.01917  0.003553   0.04558       207       640    0.9326    0.6704    0.7552    0.7506    0.6786   0.01477   0.01412  0.005382
     49/99     16.5G   0.02241   0.01896  0.003464   0.04484       178       640    0.9009     0.662    0.7447    0.7199    0.6641   0.01475   0.01396  0.005727
     50/99     16.5G   0.02254    0.0191  0.003341   0.04498       199       640    0.9466    0.6577    0.7625     0.758     0.684   0.01468     0.014   0.00522
     51/99     16.5G   0.02213   0.01901  0.003347   0.04449       189       640    0.6299    0.7961    0.7474    0.7426     0.676   0.01442    0.0137  0.006697
     52/99     16.5G   0.02226    0.0188  0.003412   0.04447       290       640    0.9441    0.6598      0.77    0.7659    0.6845   0.01505   0.01407  0.005233
     53/99     16.5G   0.02178   0.01862  0.003302    0.0437       220       640    0.9209    0.6768    0.7771    0.7709    0.7005    0.0145   0.01368  0.005123
     54/99     16.5G    0.0216   0.01787  0.003322   0.04279       263       640     0.598    0.8255    0.7922     0.788    0.6991   0.01503   0.01402  0.005045
     55/99     16.5G   0.02148   0.01795  0.003276    0.0427       200       640    0.6316    0.7921    0.7735    0.7699    0.6965   0.01406   0.01319  0.005742
     56/99     16.5G    0.0213   0.01803  0.003279   0.04261       186       640    0.7211    0.7996    0.7976    0.7937    0.7173   0.01413   0.01323  0.005904
     57/99     16.5G    0.0212   0.01763  0.003356   0.04219       172       640    0.6728    0.7696    0.7765    0.7732    0.7135   0.01343   0.01259  0.004714
     58/99     16.5G   0.02125   0.01788  0.003124   0.04225       148       640    0.6512    0.7851    0.7647    0.7619    0.7027   0.01334    0.0125  0.005388
     59/99     16.5G   0.02087   0.01754  0.003205   0.04161       220       640    0.7357    0.8153    0.8118    0.8067    0.7287     0.014   0.01324  0.004846
     60/99     16.5G   0.02075   0.01754  0.003063   0.04135       162       640    0.6867    0.8101    0.7958    0.7931    0.7269   0.01389   0.01306  0.004903
     61/99     16.5G   0.02042   0.01739  0.003011   0.04082       155       640    0.5885    0.8489    0.7667    0.7636    0.7053   0.01321   0.01252  0.005031
     62/99     16.5G   0.02022   0.01715  0.003014   0.04039       235       640     0.737    0.8036    0.8118    0.8102    0.7467   0.01279   0.01203  0.004706
     63/99     16.5G   0.02001    0.0168  0.002998   0.03981       164       640    0.7963    0.7753    0.8041    0.8018    0.7299   0.01326   0.01251  0.004852
     64/99     16.5G   0.01992   0.01667  0.003049   0.03965       193       640    0.6578    0.8059    0.7901    0.7858    0.7178   0.01303   0.01227  0.004797
     65/99     16.5G   0.01984   0.01648  0.002972   0.03929       134       640    0.7102    0.8049    0.7973    0.7949    0.7394    0.0127   0.01188   0.00482
     66/99     16.5G   0.01964   0.01633  0.002957   0.03892       132       640    0.7631    0.8023    0.8041    0.8019    0.7399   0.01295   0.01208  0.004764
     67/99     16.5G   0.01966   0.01636  0.002936   0.03896       221       640     0.762    0.7918    0.8053    0.8035    0.7325   0.01321   0.01249  0.005314
     68/99     16.5G   0.01959   0.01643  0.002788   0.03881       184       640    0.7016    0.7718    0.7734    0.7702    0.7191   0.01269   0.01182  0.004597
     69/99     16.5G   0.01937   0.01632  0.002785   0.03847       193       640    0.7088     0.816    0.7923    0.7894    0.7234   0.01306   0.01233  0.005417
     70/99     16.5G   0.01931   0.01598  0.002827   0.03812       174       640    0.7332    0.8074    0.7893    0.7874    0.7424   0.01206   0.01121  0.004642
     71/99     16.5G   0.01904   0.01602  0.002729   0.03779       191       640    0.6694    0.8005    0.7773    0.7747    0.7169   0.01278   0.01207  0.005257
     72/99     16.5G   0.01883   0.01585  0.002847   0.03753       163       640    0.7882    0.7521    0.7804    0.7785    0.7196    0.0127    0.0118  0.004646
     73/99     16.5G   0.01887   0.01541  0.002699   0.03698       102       640    0.8684    0.7403    0.8112    0.8092    0.7558   0.01218   0.01125  0.004972
     74/99     16.5G   0.01879   0.01583  0.002715   0.03734       240       640    0.7605    0.7715    0.7902    0.7883    0.7284   0.01227   0.01128  0.005328
     75/99     16.5G   0.01864   0.01546  0.002708   0.03681       201       640    0.7328     0.749    0.7692    0.7664    0.7194   0.01205   0.01115  0.005075
     76/99     16.5G   0.01863   0.01556  0.002859   0.03705       224       640    0.6894    0.8245    0.8043    0.8025    0.7477   0.01242   0.01156  0.004796
     77/99     16.5G   0.01819   0.01492  0.002648   0.03575       196       640    0.7687    0.7684    0.7782    0.7769    0.7279   0.01182   0.01081  0.004834
     78/99     16.5G    0.0181   0.01517  0.002555   0.03582       181       640    0.6909    0.8159    0.7967    0.7942    0.7467   0.01205   0.01122  0.005133
     79/99     16.5G   0.01821   0.01531  0.002586    0.0361       185       640     0.919    0.7586     0.813    0.8112    0.7588   0.01192   0.01098  0.004896
     80/99     16.5G    0.0183   0.01525  0.002507   0.03606       140       640    0.8134    0.7596    0.8078    0.8058    0.7549    0.0118   0.01092  0.005211
     81/99     16.5G   0.01841   0.01531  0.002577    0.0363       175       640    0.8049    0.7606    0.7889    0.7866    0.7363   0.01194   0.01105  0.004735
     82/99     16.5G   0.01801   0.01502  0.002438   0.03547       228       640    0.7038    0.8137    0.7926    0.7905    0.7426   0.01164   0.01064  0.005162
     83/99     16.5G   0.01778   0.01467  0.002555     0.035       201       640    0.8452    0.7416    0.7912     0.789    0.7426    0.0119   0.01098  0.004879
     84/99     16.5G   0.01777    0.0147  0.002531     0.035       226       640    0.7407    0.7812    0.7722    0.7704    0.7298   0.01182   0.01102  0.005444
     85/99     16.5G    0.0178   0.01483  0.002431   0.03506       179       640    0.6904    0.7698    0.7783    0.7764    0.7315   0.01203   0.01119  0.004818
     86/99     16.5G   0.01788   0.01457  0.002429   0.03487       259       640    0.7897    0.7437    0.7664    0.7644    0.7208   0.01169   0.01078    0.0048
     87/99     16.5G   0.01736   0.01444   0.00236   0.03416       149       640    0.7337    0.7326    0.7542    0.7528     0.711    0.0116   0.01071   0.00475
     88/99     16.5G   0.01782   0.01476  0.002345   0.03493       203       640    0.7955    0.7404    0.7679    0.7665     0.725   0.01166   0.01075  0.005324
     89/99     16.5G   0.01744   0.01426  0.002442   0.03413       181       640    0.7176    0.8074    0.7822    0.7803    0.7348   0.01154   0.01061  0.005266
     90/99     16.5G   0.01741   0.01412  0.002353   0.03389       183       640    0.7854    0.7371    0.7801    0.7785    0.7356   0.01144   0.01043  0.004911
     91/99     16.5G   0.01746   0.01417  0.002216   0.03385       212       640    0.8147    0.7637    0.7829    0.7823    0.7363   0.01158   0.01062  0.005063
     92/99     16.5G   0.01723   0.01408  0.002258   0.03356       197       640    0.8853    0.7287    0.7895    0.7879    0.7467   0.01146   0.01051  0.004864
     93/99     17.3G   0.01746   0.01429  0.002351   0.03411       173       640    0.8046    0.7559    0.7993    0.7976    0.7567   0.01133   0.01034  0.005097
     94/99     15.9G   0.01729   0.01406  0.002365   0.03371       222       640    0.8666    0.7272    0.8051    0.8022    0.7601   0.01146   0.01048  0.005483
     95/99     15.9G   0.01734   0.01393  0.002283   0.03355       140       640    0.7852    0.7391    0.7853    0.7828    0.7373   0.01184   0.01092  0.004898
     96/99     15.9G   0.01724   0.01391  0.002257   0.03341       204       640    0.7087    0.7934    0.7801    0.7782    0.7379    0.0115   0.01052  0.005054
     97/99     15.9G   0.01733   0.01394  0.002246   0.03352       155       640    0.8089    0.7288    0.7829     0.781    0.7422   0.01127   0.01021  0.005134
     98/99     15.9G   0.01708   0.01401  0.002314    0.0334       220       640    0.7575    0.7854    0.7901    0.7881    0.7474   0.01145   0.01047  0.005163
     99/99     15.9G   0.01728   0.01407  0.002288   0.03363       152       640    0.7568    0.7896    0.7825     0.781    0.7438   0.01135   0.01035  0.004916
