      0/99     19.9G     0.104   0.07777     0.034    0.2158       187       640    0.2523  0.005842 0.0003439  3.11e-05 6.732e-05   0.09694   0.07706   0.03336
      1/99     22.4G   0.09668   0.07071   0.02615    0.1935       200       640   0.06009     0.151   0.04418 0.0002478  0.008224   0.08938    0.1145   0.02642
      2/99     22.4G   0.07782   0.05388   0.02025    0.1519       194       640    0.6616    0.2425    0.1757  0.003721   0.04621   0.06969   0.09245   0.02352
      3/99     22.4G   0.06558   0.04775   0.01754    0.1309       187       640    0.7824    0.3129    0.3276    0.1059     0.146   0.05073   0.05911   0.01875
      4/99     22.4G   0.05481   0.04209   0.01473    0.1116       166       640    0.7082    0.4748    0.4862     0.249    0.2572   0.04173   0.04839   0.01418
      5/99     22.4G   0.04869   0.03859   0.01299    0.1003       129       640    0.8277    0.5356    0.5902    0.4071    0.3615   0.03438    0.0343   0.01265
      6/99     22.4G   0.04428   0.03663   0.01121   0.09211       162       640    0.7767    0.4917    0.5244    0.2967    0.2932   0.04183   0.04499   0.01546
      7/99     22.4G   0.04218   0.03477   0.01036   0.08731       142       640    0.8564    0.5553    0.6485    0.5107    0.4261   0.03074   0.03141   0.01234
      8/99     22.4G   0.04023   0.03286  0.009448   0.08254       185       640    0.8799    0.5864    0.6949    0.5861    0.4833   0.02825   0.02971  0.009812
      9/99     22.4G   0.03829   0.03256  0.008863   0.07972       220       640    0.7774    0.5489    0.5839    0.5012    0.4128   0.02782     0.031     0.017
     10/99     22.4G   0.03676   0.03099  0.008439   0.07618       181       640    0.8776    0.5883    0.6684    0.5801    0.4751   0.02701   0.02755   0.01054
     11/99     22.4G   0.03617   0.03049  0.007735   0.07439       273       640    0.8452    0.5797    0.6563    0.5684    0.4746   0.02572   0.02674   0.01195
     12/99     22.4G   0.03504   0.02977  0.007425   0.07224       169       640    0.9033    0.6047    0.7313     0.633    0.5339   0.02411   0.02427  0.009251
     13/99     22.4G    0.0343   0.02904  0.007288   0.07062       219       640    0.8992    0.6061    0.6953     0.611    0.5161   0.02353     0.025  0.009844
     14/99     22.4G   0.03305   0.02843  0.007152   0.06863       175       640     0.883     0.591    0.6979    0.6305     0.531   0.02314   0.02407  0.009151
     15/99     22.4G   0.03302   0.02769   0.00678   0.06749       197       640    0.8936    0.5967    0.7042    0.6467    0.5378    0.0222   0.02319   0.01018
     16/99     22.4G    0.0318   0.02672  0.006557   0.06508       206       640    0.8869    0.6117    0.7034    0.6489    0.5445   0.02202    0.0231  0.009341
     17/99     22.4G   0.03187   0.02688  0.006419   0.06516       227       640    0.8215    0.5818    0.5994    0.5601    0.4658    0.0232   0.02771   0.01141
     18/99     22.4G   0.03079   0.02606  0.006064   0.06292       208       640    0.9127    0.6065    0.7166    0.6581    0.5646   0.02129   0.02141   0.01003
     19/99     22.4G   0.03042    0.0259  0.006027   0.06234       198       640    0.8765    0.6195    0.6694    0.6367    0.5397   0.02056   0.02126  0.008136
     20/99     22.4G   0.03043    0.0254  0.005922   0.06174       134       640     0.856    0.6064     0.655    0.6266    0.5285   0.02094   0.02196  0.009527
     21/99     22.4G    0.0296   0.02542  0.005963   0.06099       158       640    0.8962    0.5927    0.6981    0.6709    0.5644   0.02008   0.02077    0.0107
     22/99     22.4G   0.02955   0.02556  0.005638   0.06075       199       640    0.9284    0.6127    0.7051    0.6773    0.5793   0.01949   0.01968  0.007873
     23/99     22.4G   0.02875   0.02519  0.005483   0.05942       195       640    0.9158    0.6296     0.698    0.6721    0.5723   0.01958   0.01952  0.008641
     24/99     22.4G   0.02917   0.02519  0.005395   0.05975       155       640     0.917    0.6139    0.6969    0.6747    0.5863   0.01885   0.01926   0.00833
     25/99     22.4G   0.02842   0.02481  0.005349   0.05857       210       640    0.9409    0.6207    0.7074    0.6756    0.5768   0.01939   0.01904  0.007447
     26/99     22.4G   0.02837   0.02437  0.005361   0.05809       239       640    0.8939    0.6005    0.6863    0.6656    0.5703   0.01859   0.01918    0.0101
     27/99     22.4G   0.02777   0.02387  0.005248   0.05689       230       640    0.9054    0.6317    0.6801    0.6632    0.5741   0.01852   0.01863  0.007206
     28/99     22.4G   0.02711   0.02327  0.005221    0.0556       224       640    0.8983     0.637    0.6944     0.678    0.5848   0.01826   0.01845  0.008654
     29/99     22.4G   0.02729   0.02344  0.004876   0.05561       208       640    0.9184    0.6551    0.7098    0.6913    0.6032   0.01785    0.0182  0.006351
     30/99     22.4G   0.02731   0.02322  0.005033   0.05557       241       640    0.9237    0.6414    0.7003     0.683    0.5851    0.0188   0.01932  0.006526
     31/99     22.4G    0.0269    0.0233  0.004714   0.05492       196       640    0.9162     0.627     0.697     0.682    0.5857   0.01824   0.01822  0.009987
     32/99     22.4G   0.02676   0.02315  0.004793   0.05471       166       640    0.9172    0.6514    0.7131    0.6982    0.6069    0.0175   0.01751  0.007697
     33/99     22.4G   0.02583   0.02201  0.004597   0.05244       203       640    0.9196     0.641    0.7067    0.6909    0.6111   0.01688   0.01706   0.00686
     34/99     22.4G   0.02637   0.02275  0.004644   0.05376       199       640     0.928    0.6535    0.7144    0.6999    0.6136   0.01733   0.01744  0.005922
     35/99     22.4G    0.0263   0.02289  0.005247   0.05444       207       640    0.9188     0.654    0.7258    0.7144    0.6275   0.01687   0.01681  0.007073
     36/99     22.4G   0.02573   0.02215  0.004734   0.05261       184       640    0.9245    0.6571      0.72    0.7065    0.6211   0.01706    0.0172  0.005805
     37/99     22.4G   0.02516   0.02206  0.004494   0.05171       225       640    0.9304    0.6502    0.7332    0.7229    0.6405   0.01644    0.0167  0.006283
     38/99     22.4G   0.02532   0.02196  0.004377   0.05165       182       640    0.9433    0.6545    0.7261     0.715    0.6327    0.0165    0.0167  0.005875
     39/99     22.4G   0.02498    0.0219  0.004055   0.05094       231       640    0.9179    0.6596    0.7409    0.7272    0.6457   0.01633   0.01611  0.006266
     40/99     22.4G   0.02478   0.02132  0.004264   0.05036       245       640    0.9237    0.6466     0.711    0.7004    0.6227   0.01621   0.01619  0.006845
     41/99     22.4G   0.02487   0.02139  0.004165   0.05043       263       640    0.9285    0.6663    0.7273    0.7147    0.6313   0.01656   0.01664  0.005571
     42/99     22.4G    0.0247   0.02145  0.004363   0.05051       204       640    0.9354    0.6484    0.7508    0.7361    0.6587   0.01598   0.01606  0.006004
     43/99     22.4G    0.0245   0.02129  0.004176   0.04996       165       640    0.9346    0.6607     0.754    0.7454    0.6607   0.01618   0.01613  0.005808
     44/99     22.4G   0.02413   0.02093  0.004205   0.04926       219       640    0.9337     0.656    0.7594    0.7472    0.6587   0.01633   0.01603  0.005697
     45/99     22.4G    0.0239   0.02085  0.004077   0.04883       170       640    0.9271    0.6674    0.7718    0.7616    0.6803   0.01604   0.01598  0.005919
     46/99     22.4G   0.02398   0.02073  0.003998    0.0487       230       640    0.9365    0.6581    0.7681    0.7603     0.675   0.01606   0.01582  0.006232
     47/99     22.4G   0.02344   0.02028  0.004002   0.04772       235       640    0.9401    0.6504    0.7602    0.7542     0.668    0.0157   0.01547  0.006357
     48/99     22.4G   0.02352   0.02034  0.003743    0.0476       209       640    0.9378    0.6595    0.7857    0.7802    0.7009   0.01552   0.01532  0.005976
     49/99     22.4G   0.02324   0.02033  0.003832    0.0474       147       640    0.9352    0.6467    0.7764    0.7705    0.6866   0.01571   0.01544  0.006104
     50/99     22.4G   0.02347    0.0202  0.003892   0.04756       175       640    0.9311    0.6553    0.7784    0.7624    0.6862   0.01588   0.01548   0.00572
     51/99     22.4G   0.02314   0.02001  0.003831   0.04697       197       640    0.9284    0.6649    0.7772    0.7707    0.6915   0.01542   0.01528    0.0054
     52/99     22.4G   0.02277   0.01996  0.003671    0.0464       233       640    0.9449    0.6539    0.7754    0.7694    0.6879   0.01517   0.01493  0.005773
     53/99     22.4G   0.02292    0.0202  0.003633   0.04675       190       640    0.9396    0.6658    0.7893    0.7836    0.7028   0.01531   0.01505  0.005636
     54/99     22.4G   0.02263   0.01974  0.003546   0.04592       183       640    0.9234    0.6678    0.7765      0.77    0.6969   0.01502   0.01464  0.005356
     55/99     22.4G   0.02237   0.01955   0.00361   0.04553       194       640    0.9243    0.6706    0.7946    0.7893    0.7172   0.01467   0.01447   0.00544
     56/99     22.4G   0.02246   0.01937  0.003586   0.04542       169       640    0.9463    0.6561    0.7969    0.7917    0.7133   0.01504   0.01459  0.005185
     57/99     22.4G   0.02206   0.01966  0.003494   0.04522       252       640    0.9295    0.6699    0.7908    0.7804    0.7052   0.01497   0.01461  0.005209
     58/99     22.4G   0.02221   0.01921  0.003441   0.04486       233       640    0.9126    0.6647    0.7753    0.7687    0.6931   0.01503   0.01474  0.006082
     59/99     22.4G   0.02186   0.01943  0.003413   0.04471       168       640    0.9366    0.6697    0.7995    0.7945    0.7109   0.01498   0.01456  0.005287
     60/99     22.4G   0.02198   0.01906  0.003307   0.04435       127       640    0.9427    0.6696    0.7881    0.7838    0.7109   0.01491    0.0146  0.004709
     61/99     22.4G   0.02174   0.01931  0.003435   0.04449       211       640     0.634    0.7918    0.7854     0.781    0.7091    0.0145    0.0142  0.006341
     62/99     22.4G   0.02149   0.01875   0.00337   0.04361       209       640    0.7367    0.7893    0.8052    0.7992    0.7246   0.01485   0.01442   0.00579
     63/99     22.4G   0.02157   0.01883  0.003278   0.04368       251       640    0.7057    0.8089    0.8155    0.8094     0.736   0.01433    0.0139  0.006106
     64/99     22.4G   0.02156   0.01923  0.003247   0.04404       243       640    0.7588    0.7894    0.8107    0.8044     0.731    0.0143   0.01384  0.005209
     65/99     22.4G   0.02149   0.01904   0.00317    0.0437       121       640    0.6853     0.797    0.8034    0.7972    0.7246   0.01428   0.01379  0.006167
     66/99     22.4G   0.02115   0.01868  0.003226   0.04306       192       640     0.942    0.6621    0.7877    0.7833    0.7028    0.0146   0.01421  0.005073
     67/99     22.4G   0.02095   0.01854  0.003146   0.04263       261       640    0.6987    0.7941    0.8005    0.7813    0.7043   0.01456   0.01399  0.005581
     68/99     22.4G   0.02093   0.01863  0.003005   0.04257       249       640    0.7134    0.8009    0.8143    0.8095    0.7243   0.01424   0.01358  0.005817
     69/99     22.4G   0.02114   0.01852  0.003091   0.04274       191       640    0.7416    0.7852    0.7973     0.792    0.7184   0.01426   0.01379  0.005249
     70/99     22.4G   0.02075   0.01841  0.003058   0.04222       212       640    0.7498    0.7916       0.8    0.7949    0.7136   0.01441   0.01397  0.005937
     71/99     22.4G   0.02046   0.01816   0.00302   0.04164       175       640    0.6815    0.7846    0.7757    0.7705    0.6895   0.01467    0.0142  0.005548
     72/99     22.4G   0.02057   0.01834  0.003025   0.04194       193       640    0.6828    0.8037    0.8032    0.7984     0.721   0.01427   0.01382  0.005884
     73/99     22.4G   0.02032   0.01791  0.002963    0.0412       222       640    0.6822    0.8199    0.8102    0.8063    0.7434   0.01392   0.01339  0.005239
     74/99     22.4G   0.02045   0.01806  0.002848   0.04136       205       640     0.752    0.7833    0.8084    0.8041    0.7293   0.01387   0.01341  0.005462
     75/99     22.4G   0.02015   0.01759  0.002973   0.04071       217       640    0.6572    0.8151    0.7729    0.7683    0.6904   0.01449   0.01385  0.005916
     76/99     22.4G   0.02026   0.01771  0.002845   0.04082       142       640     0.784    0.7651    0.8066    0.8022    0.7244   0.01413   0.01353  0.006303
     77/99     22.4G    0.0203   0.01784  0.002776   0.04092       225       640    0.6762    0.8222    0.8062    0.8022    0.7291   0.01406   0.01343  0.005086
     78/99     22.4G   0.01998   0.01739  0.002855   0.04023       275       640    0.6857    0.7964    0.7831    0.7788    0.7056    0.0139   0.01333  0.005933
     79/99     22.4G   0.01997   0.01757  0.002766   0.04031       208       640     0.698    0.8187    0.7968    0.7927    0.7132    0.0139   0.01322  0.005472
     80/99     22.4G    0.0202   0.01777  0.002725    0.0407       157       640    0.7315    0.7809    0.7928    0.7881    0.7213   0.01369   0.01299  0.005358
     81/99     22.4G   0.01967   0.01759  0.002669   0.03993       189       640    0.7781     0.764    0.7888    0.7838    0.7115   0.01378   0.01322  0.005333
     82/99     22.4G   0.02011    0.0178  0.002712   0.04062       190       640    0.8119    0.7696    0.8012     0.796    0.7194   0.01391   0.01335  0.005633
     83/99     22.4G   0.01966   0.01734  0.002704    0.0397       262       640    0.7414    0.7941    0.7812    0.7758    0.7076    0.0139    0.0133  0.005031
     84/99     22.4G   0.01964   0.01726  0.002626   0.03953       236       640    0.7516    0.7889    0.7991    0.7939    0.7252   0.01368   0.01311  0.005626
     85/99     22.4G   0.01985   0.01751  0.002811   0.04017       143       640    0.7813    0.7628    0.7946    0.7887    0.7226   0.01362   0.01299  0.005737
     86/99     22.4G   0.01964   0.01722  0.002789   0.03965       246       640    0.8207    0.7633    0.8161    0.8113    0.7416   0.01377   0.01309  0.005788
     87/99     22.4G   0.01949    0.0172  0.002584   0.03927       173       640    0.7768    0.7846    0.7934    0.7893    0.7222    0.0137     0.013  0.005547
     88/99     22.4G    0.0193   0.01672   0.00256   0.03858       226       640    0.7979    0.7834    0.8042    0.8006     0.735   0.01342   0.01273  0.005476
     89/99     22.4G   0.01955    0.0171  0.002508   0.03916       150       640    0.7721    0.7866    0.8008    0.7977    0.7336   0.01359    0.0129   0.00548
     90/99     22.4G   0.01951   0.01717  0.002607   0.03929       170       640    0.9361    0.7476    0.8234    0.8194    0.7498   0.01356   0.01283  0.005301
     91/99     22.4G   0.01929   0.01688  0.002612   0.03879       200       640    0.9211    0.7551    0.8197    0.8167     0.746   0.01348   0.01285  0.005661
     92/99     22.4G   0.01922   0.01685  0.002517   0.03859       183       640    0.9379    0.7392    0.8173    0.8133    0.7373   0.01361   0.01287  0.005425
     93/99     22.4G   0.01946   0.01668  0.002414   0.03855       194       640    0.7855    0.7861    0.8011    0.7972    0.7353   0.01342   0.01266  0.005295
     94/99     22.4G   0.01962   0.01732  0.002546   0.03948       173       640    0.8155    0.7816    0.8045    0.8004    0.7313   0.01356    0.0128   0.00595
     95/99     22.4G   0.01966   0.01748  0.002493   0.03963       145       640    0.8072    0.7809    0.7957    0.7923    0.7192   0.01383   0.01314  0.005389
     96/99     22.4G   0.01948   0.01716   0.00243   0.03907       262       640    0.8408    0.7752    0.8011     0.797    0.7287    0.0135   0.01284  0.005469
     97/99     22.4G   0.01911   0.01663  0.002511   0.03825       195       640    0.8506    0.7496    0.7902    0.7863    0.7219   0.01347   0.01276  0.005178
     98/99     22.4G   0.01935     0.017   0.00248   0.03883       165       640    0.7859    0.7785    0.7862    0.7821    0.7224   0.01335   0.01273  0.005651
     99/99     22.4G   0.01928   0.01682  0.002429   0.03853       189       640    0.8908    0.7398    0.8017    0.7976    0.7351   0.01335    0.0127  0.005559
