      0/99     17.6G    0.0759   0.04162         0    0.1175        42       640    0.5845    0.5309    0.5157   0.05269    0.1622       nan       nan         0
      1/99     23.3G   0.05533   0.03004         0   0.08538        32       640    0.7937    0.6772    0.7578    0.2328    0.3255   0.04654    0.0193         0
      2/99     23.3G   0.04886   0.02704         0    0.0759        38       640    0.8214    0.7177    0.8012     0.343    0.3923   0.04275    0.0183         0
      3/99     23.3G   0.04358   0.02475         0   0.06833        61       640    0.8811    0.7893    0.8747    0.4353    0.4588   0.03875    0.0164         0
      4/99     23.3G   0.04009   0.02335         0   0.06345        39       640    0.8741    0.7706    0.8562    0.4182      0.45    0.0414   0.01618         0
      5/99     23.3G   0.03823   0.02229         0   0.06051        40       640    0.8514    0.7456    0.8282    0.4061    0.4302   0.04267   0.01633         0
      6/99     23.3G   0.03727   0.02202         0   0.05929        38       640     0.932     0.853    0.9282    0.5918    0.5524       nan       nan         0
      7/99     23.3G   0.03627   0.02165         0   0.05792        38       640    0.9329    0.8405    0.9236    0.5943    0.5552   0.03263   0.01452         0
      8/99     23.3G   0.03566   0.02121         0   0.05687        49       640    0.9146    0.8373    0.9085     0.546    0.5264   0.03514   0.01472         0
      9/99     23.3G   0.03491   0.02094         0   0.05585        22       640    0.9438    0.8692    0.9388    0.6494    0.5849   0.03116   0.01349         0
     10/99     23.3G   0.03452    0.0208         0   0.05532        30       640    0.9385    0.8781    0.9434    0.6524    0.5914   0.03087   0.01347         0
     11/99     23.3G   0.03386    0.0207         0   0.05457        35       640    0.9333     0.873    0.9394    0.6741       0.6   0.03066   0.01338         0
     12/99     23.3G   0.03352    0.0204         0   0.05392        40       640    0.9221    0.8617    0.9273     0.604    0.5618   0.03336   0.01347         0
     13/99     23.3G    0.0334   0.02024         0   0.05365        42       640    0.9399    0.8669    0.9395    0.6635    0.5969   0.03092   0.01317         0
     14/99     23.3G   0.03298   0.01999         0   0.05298        39       640    0.9412     0.885    0.9458    0.6879     0.611   0.02958   0.01308         0
     15/99     23.3G   0.03262   0.02015         0   0.05278        43       640    0.9459    0.8953    0.9551    0.6828    0.6121   0.02914   0.01279         0
     16/99     23.3G   0.03231   0.01978         0   0.05209        25       640    0.9445    0.8933    0.9524    0.6836    0.6099   0.02943   0.01272         0
     17/99     23.3G   0.03208   0.01965         0   0.05173        29       640    0.9439     0.885    0.9452    0.6949    0.6127   0.02921   0.01303         0
     18/99     23.3G   0.03193    0.0196         0   0.05153        36       640    0.9368    0.8921     0.948    0.6852    0.6103    0.0298   0.01286         0
     19/99     23.3G   0.03157   0.01957         0   0.05114        45       640    0.9482    0.9072    0.9587    0.6993    0.6146   0.02905   0.01236         0
     20/99     23.3G   0.03122   0.01892         0   0.05014        42       640    0.9299    0.9017    0.9515    0.6838    0.6087   0.02956   0.01292         0
     21/99     23.3G   0.03106   0.01911         0   0.05016        52       640    0.9409    0.9027    0.9557    0.6829    0.6133    0.0294   0.01267         0
     22/99     23.3G   0.03099   0.01938         0   0.05037        40       640    0.9502    0.8917    0.9564     0.674    0.6085   0.02962   0.01268         0
     23/99     23.3G    0.0308   0.01912         0   0.04991        29       640    0.9413    0.8929     0.952    0.6631    0.6019   0.02977   0.01278         0
     24/99     23.3G   0.03068   0.01909         0   0.04977        42       640     0.943    0.8961    0.9528    0.6874    0.6121   0.02937   0.01271         0
     25/99     23.3G   0.03047   0.01895         0   0.04942        53       640    0.9521    0.9066    0.9615     0.694    0.6221     0.029   0.01212         0
     26/99     23.3G   0.03034    0.0188         0   0.04914        36       640    0.9494    0.9126    0.9624    0.6853    0.6139   0.02861   0.01235         0
     27/99     23.3G   0.03019     0.019         0   0.04919        41       640    0.9542    0.9094    0.9647    0.6963    0.6175   0.02852   0.01211         0
     28/99     23.3G   0.03012   0.01891         0   0.04903        39       640    0.9524    0.9154    0.9644    0.7122    0.6278    0.0282   0.01203         0
     29/99     23.3G   0.02989   0.01873         0   0.04861        47       640     0.949    0.9174    0.9648    0.6973    0.6119   0.02861    0.0123         0
     30/99     23.3G   0.02975   0.01867         0   0.04842        35       640    0.9481    0.9191    0.9648    0.7028    0.6231   0.02824    0.0121         0
     31/99     23.3G   0.02959   0.01845         0   0.04804        35       640    0.9441    0.9125    0.9586    0.7072    0.6232   0.02871    0.0122         0
     32/99     23.3G   0.02958    0.0184         0   0.04798        34       640    0.9473    0.9195    0.9659    0.6942    0.6191   0.02792   0.01203         0
     33/99     23.3G   0.02937   0.01821         0   0.04759        26       640    0.9552    0.9208    0.9684    0.7188    0.6324   0.02746   0.01165         0
     34/99     23.3G   0.02918   0.01846         0   0.04764        36       640    0.9492    0.9201    0.9632    0.7128    0.6251   0.02812   0.01203         0
     35/99     23.3G   0.02897   0.01829         0   0.04726        33       640    0.9467    0.9164    0.9622    0.7023    0.6236   0.02811   0.01198         0
     36/99     23.3G   0.02898    0.0184         0   0.04738        30       640    0.9495    0.9179    0.9643    0.7168    0.6331   0.02763   0.01185         0
     37/99     23.3G   0.02898   0.01802         0     0.047        30       640    0.9573    0.9105    0.9621    0.7063    0.6242   0.02814   0.01198         0
     38/99     23.3G    0.0287   0.01804         0   0.04674        29       640    0.9496    0.9127    0.9616     0.704    0.6229   0.02801   0.01218         0
     39/99     23.3G   0.02853   0.01776         0   0.04629        29       640    0.9545    0.9021    0.9604    0.7037    0.6254   0.02822   0.01208         0
     40/99     23.3G    0.0285   0.01792         0   0.04642        48       640     0.949    0.9153    0.9603     0.703    0.6224    0.0282   0.01204         0
     41/99     23.3G   0.02829   0.01804         0   0.04634        28       640    0.9407    0.9202    0.9614    0.6938     0.621   0.02839   0.01217         0
     42/99     23.3G   0.02824   0.01789         0   0.04613        27       640    0.9543    0.9157    0.9656    0.7185    0.6325   0.02768    0.0119         0
     43/99     23.3G    0.0281   0.01784         0   0.04594        29       640    0.9493    0.9138    0.9626    0.7204    0.6343   0.02778   0.01194         0
     44/99     23.3G   0.02798   0.01777         0   0.04575        41       640    0.9517    0.9202     0.965    0.7074    0.6264   0.02792   0.01189         0
     45/99     23.3G   0.02789    0.0178         0   0.04569        34       640    0.9479    0.9219    0.9662    0.7198    0.6356   0.02766   0.01183         0
     46/99     23.3G   0.02777   0.01775         0   0.04552        39       640    0.9553    0.9182     0.968    0.7183    0.6371   0.02757   0.01176         0
     47/99     23.3G   0.02772   0.01784         0   0.04556        48       640    0.9512    0.9159    0.9664    0.7138     0.631   0.02776   0.01192         0
     48/99     23.3G   0.02747   0.01752         0   0.04499        28       640    0.9533    0.9169    0.9663    0.7181    0.6363   0.02745   0.01188         0
     49/99     23.3G   0.02755   0.01765         0   0.04519        60       640    0.9559    0.9187    0.9667    0.7202    0.6386   0.02726   0.01174         0
     50/99     23.3G   0.02755   0.01755         0   0.04509        45       640    0.9532      0.92    0.9659    0.7214    0.6373   0.02748   0.01183         0
     51/99     23.3G    0.0272   0.01721         0   0.04442        31       640    0.9483    0.9223    0.9645    0.7202    0.6349   0.02759   0.01191         0
     52/99     23.3G   0.02717   0.01724         0   0.04441        62       640    0.9519    0.9211     0.967    0.7246    0.6382   0.02737   0.01185         0
     53/99     23.3G   0.02708   0.01746         0   0.04454        38       640    0.9504    0.9266    0.9684    0.7288    0.6383   0.02732   0.01177         0
     54/99     23.3G   0.02712   0.01728         0    0.0444        52       640    0.9575    0.9195    0.9677    0.7258    0.6353   0.02743   0.01185         0
     55/99     23.3G    0.0269   0.01716         0   0.04406        46       640    0.9528    0.9213    0.9675    0.7313    0.6401   0.02734   0.01184         0
     56/99     23.3G   0.02677     0.017         0   0.04377        55       640    0.9541     0.918    0.9657    0.7298    0.6395   0.02741   0.01186         0
     57/99     23.3G   0.02664   0.01705         0   0.04368        33       640     0.948    0.9155    0.9631    0.7287    0.6387   0.02744   0.01197         0
     58/99     23.3G   0.02661   0.01703         0   0.04364        37       640    0.9477    0.9179    0.9635    0.7317     0.641   0.02726   0.01194         0
     59/99     23.3G   0.02651   0.01687         0   0.04338        28       640    0.9455    0.9216    0.9645    0.7319    0.6375   0.02735   0.01189         0
     60/99     23.3G   0.02638   0.01701         0   0.04339        41       640    0.9523    0.9191    0.9656    0.7302     0.636    0.0274   0.01188         0
     61/99     23.3G   0.02626   0.01684         0    0.0431        34       640    0.9522    0.9193    0.9651    0.7318    0.6394   0.02742   0.01191         0
     62/99     23.3G   0.02614   0.01693         0   0.04307        42       640    0.9509    0.9187    0.9647    0.7303    0.6365   0.02751   0.01195         0
     63/99     23.3G   0.02609   0.01662         0   0.04272        44       640    0.9538    0.9146    0.9642    0.7321    0.6366   0.02753   0.01202         0
     64/99     23.3G   0.02579   0.01645         0   0.04224        41       640    0.9427    0.9237    0.9642     0.731    0.6373   0.02752   0.01204         0
     65/99     23.3G   0.02578   0.01664         0   0.04242        37       640    0.9494     0.917    0.9642    0.7287    0.6362   0.02753   0.01207         0
     66/99     23.3G   0.02579   0.01659         0   0.04238        28       640    0.9507    0.9177     0.965    0.7292    0.6375    0.0275   0.01207         0
     67/99     23.3G   0.02576   0.01655         0    0.0423        39       640    0.9497    0.9189     0.965    0.7301    0.6394   0.02743   0.01204         0
     68/99     23.3G   0.02562   0.01643         0   0.04205        34       640    0.9481    0.9197    0.9646    0.7304    0.6396   0.02742   0.01207         0
     69/99     23.3G   0.02555   0.01663         0   0.04218        34       640     0.944    0.9207    0.9647    0.7233    0.6376   0.02744   0.01211         0
     70/99     23.3G   0.02522   0.01649         0   0.04171        37       640    0.9454    0.9197    0.9639    0.7296    0.6384   0.02741   0.01212         0
     71/99     23.3G   0.02532   0.01627         0   0.04158        44       640    0.9471     0.918     0.963    0.7307    0.6392   0.02743   0.01213         0
     72/99     23.3G   0.02507    0.0162         0   0.04127        41       640    0.9487    0.9154    0.9623    0.7307    0.6393   0.02742   0.01214         0
     73/99     23.3G   0.02498    0.0162         0   0.04118        53       640    0.9493    0.9156    0.9626    0.7277    0.6375   0.02748   0.01214         0
     74/99     23.3G    0.0249   0.01623         0   0.04113        39       640    0.9482    0.9164    0.9626    0.7297    0.6382   0.02745   0.01215         0
     75/99     23.3G   0.02488   0.01613         0   0.04101        32       640    0.9536    0.9104    0.9627    0.7284     0.638   0.02746   0.01217         0
     76/99     23.3G   0.02477   0.01609         0   0.04086        44       640    0.9488    0.9155    0.9623     0.727    0.6371    0.0275   0.01218         0
     77/99     23.3G   0.02462   0.01597         0   0.04059        39       640    0.9506    0.9139    0.9627    0.7221    0.6357   0.02754   0.01218         0
     78/99     23.3G   0.02449   0.01587         0   0.04036        41       640    0.9524    0.9127     0.963    0.7206    0.6352   0.02757    0.0122         0
     79/99     23.3G   0.02441   0.01578         0   0.04019        38       640    0.9542    0.9109    0.9624    0.7228    0.6355   0.02756   0.01222         0
     80/99     23.3G   0.02451   0.01583         0   0.04035        40       640    0.9504    0.9146     0.962    0.7246     0.636   0.02753   0.01222         0
     81/99     23.3G   0.02424   0.01584         0   0.04008        58       640    0.9506    0.9144     0.962    0.7255    0.6364   0.02752   0.01224         0
     82/99     23.3G   0.02423   0.01576         0   0.03999        47       640    0.9479    0.9179    0.9621    0.7259    0.6365   0.02752   0.01224         0
     83/99     23.3G   0.02386   0.01563         0   0.03949        50       640     0.954    0.9121    0.9618    0.7216    0.6364   0.02751   0.01223         0
     84/99     23.3G   0.02404   0.01577         0   0.03982        30       640    0.9548     0.911    0.9615    0.7228    0.6366   0.02752   0.01223         0
     85/99     23.3G    0.0239   0.01552         0   0.03942        49       640    0.9509     0.915    0.9611    0.7254    0.6369   0.02752   0.01224         0
     86/99     23.3G   0.02384   0.01543         0   0.03926        37       640    0.9523    0.9145    0.9614    0.7257    0.6372   0.02752   0.01224         0
     87/99     23.3G   0.02381   0.01528         0   0.03909        28       640    0.9514    0.9151    0.9614    0.7247    0.6369   0.02753   0.01224         0
     88/99     23.3G   0.02371   0.01549         0   0.03921        48       640    0.9502    0.9167    0.9612    0.7259    0.6375   0.02753   0.01225         0
     89/99     23.3G   0.02356   0.01532         0   0.03888        38       640    0.9484     0.918    0.9613    0.7252    0.6375   0.02755   0.01227         0
     90/99     23.3G   0.02352   0.01535         0   0.03887        58       640    0.9493    0.9168    0.9614    0.7266    0.6379   0.02755   0.01228         0
     91/99     23.3G   0.02348   0.01523         0   0.03872        34       640    0.9465     0.918    0.9612    0.7263    0.6383   0.02755   0.01228         0
     92/99     23.3G   0.02337   0.01521         0   0.03857        33       640    0.9479    0.9173     0.961     0.727    0.6383   0.02755   0.01229         0
     93/99     23.3G   0.02332   0.01529         0   0.03861        22       640    0.9416    0.9231    0.9615    0.7267    0.6389   0.02755   0.01229         0
     94/99     23.3G   0.02339   0.01533         0   0.03872        55       640    0.9413    0.9228    0.9614    0.7265    0.6386   0.02757    0.0123         0
     95/99     23.3G   0.02306    0.0151         0   0.03816        34       640    0.9492    0.9144    0.9611    0.7258    0.6385   0.02758   0.01231         0
