      0/99     17.8G    0.1038   0.07583   0.02978    0.2094       241       640    0.0168    0.1192  0.004866 2.526e-05 0.0007805    0.0963   0.06872   0.03245
      1/99     20.4G   0.08603   0.05771   0.02181    0.1656       125       640    0.4107    0.1156   0.04487  0.001027   0.01078   0.08339    0.1408   0.02302
      2/99     20.4G   0.07191    0.0481   0.01732    0.1373       141       640     0.268    0.4872    0.3623   0.04293    0.1181   0.05954   0.06546   0.01961
      3/99     20.4G   0.06281   0.04405   0.01513     0.122       209       640    0.7323    0.5141    0.5753    0.1933    0.2609   0.04591   0.06173   0.01447
      4/99     20.4G   0.05207   0.03812   0.01292    0.1031       175       640    0.7385    0.7107     0.764    0.4657    0.4338   0.03715    0.0371   0.01186
      5/99     20.4G   0.04628    0.0348    0.0115   0.09258       114       640    0.8103    0.7323    0.8231    0.5999    0.5163   0.03413   0.02937   0.01392
      6/99     20.4G   0.04239   0.03229  0.009498   0.08418       158       640    0.8212    0.7816    0.8484    0.6292    0.5488   0.03124   0.02836   0.01132
      7/99     20.4G   0.03962   0.03055  0.009022   0.07919       121       640    0.8368    0.7328    0.8394    0.6976    0.5844   0.02787   0.02681   0.01384
      8/99     20.4G   0.03755   0.02969  0.008325   0.07556       185       640    0.8284    0.8323    0.8847    0.7889    0.6483   0.02626   0.02432  0.009207
      9/99     20.4G   0.03635   0.02927  0.007799   0.07342       130       640    0.8531    0.8093    0.8804    0.7813    0.6503   0.02522   0.02347  0.009421
     10/99     20.4G   0.03484   0.02771  0.007214   0.06977       186       640     0.878    0.8114    0.8845    0.8152    0.6757   0.02345   0.02239  0.008449
     11/99     20.4G   0.03428   0.02769  0.007005   0.06897       259       640    0.8707    0.7873    0.8816    0.8107     0.664    0.0239   0.02259   0.01124
     12/99     20.4G   0.03317   0.02703  0.006684   0.06688       167       640    0.8275    0.8286    0.8812    0.8269    0.6951   0.02252   0.02104  0.008566
     13/99     20.4G   0.03191   0.02559  0.006281   0.06377       176       640    0.8758    0.8476    0.9042     0.857    0.7232   0.02154   0.02043  0.006962
     14/99     20.4G   0.03183   0.02576  0.006129   0.06371       297       640    0.7973    0.7668    0.8795     0.835    0.6829   0.02192   0.02119     0.014
     15/99     20.4G   0.03094   0.02575   0.00593   0.06262       207       640    0.8268    0.8376    0.9013     0.861    0.7167   0.02137   0.02138  0.009631
     16/99     20.4G   0.03041   0.02499  0.005535   0.06093       211       640    0.8943    0.8558    0.9169    0.8884     0.746   0.02033   0.01973  0.006284
     17/99     20.4G   0.02966   0.02465  0.005456   0.05976       214       640    0.8367    0.8088    0.8903    0.8632    0.7315   0.01946   0.01868  0.008368
     18/99     20.4G   0.02922   0.02392  0.005275   0.05842       241       640    0.8152    0.8337    0.8893    0.8637    0.7308   0.01948   0.01871  0.009138
     19/99     20.4G   0.02887   0.02395  0.005112   0.05793       235       640      0.82    0.8078    0.8637    0.8264    0.6994   0.02095   0.02106  0.008842
     20/99     20.4G   0.02932   0.02373  0.005038   0.05809       212       640    0.8643    0.8653    0.9077    0.8847    0.7655   0.01893   0.01814  0.006267
     21/99     20.4G   0.02828   0.02335   0.00505   0.05668       205       640     0.876    0.8716     0.917    0.8932    0.7694    0.0185   0.01788  0.006728
     22/99     20.4G   0.02783   0.02286  0.004877   0.05557       185       640    0.8474    0.9001    0.9183    0.8996    0.7683    0.0189   0.01803   0.00619
     23/99     20.4G    0.0277    0.0224  0.004457   0.05456       112       640    0.8957    0.8901    0.9363    0.9164     0.787   0.01838   0.01764  0.005638
     24/99     20.4G   0.02701   0.02197  0.004465   0.05345       205       640    0.8661    0.8608    0.9167    0.8974    0.7778   0.01799   0.01751  0.006351
     25/99     20.4G   0.02691   0.02241  0.004548   0.05387       217       640    0.8955    0.8624     0.923    0.8973    0.7821   0.01806   0.01707  0.007053
     26/99     20.4G   0.02667   0.02187   0.00439   0.05292       172       640    0.8884    0.9044     0.933    0.9213    0.8055   0.01765   0.01675  0.005923
     27/99     20.4G   0.02618   0.02178  0.004151   0.05212       198       640    0.8915    0.8927    0.9281    0.9118    0.8008   0.01756   0.01698  0.005554
     28/99     20.4G   0.02601   0.02188  0.004225   0.05212       143       640    0.9176    0.8839    0.9338    0.9239    0.8131   0.01688    0.0161  0.005328
     29/99     20.4G   0.02584   0.02155  0.004213    0.0516       177       640     0.911    0.8775    0.9333     0.922    0.8158   0.01631   0.01609  0.006154
     30/99     20.4G   0.02581   0.02135  0.004112   0.05127       153       640    0.9062    0.8811    0.9323    0.9187    0.8037   0.01678   0.01613  0.005207
     31/99     20.4G   0.02523   0.02106  0.003971   0.05026       253       640    0.8983    0.8837    0.9304    0.9187    0.7933   0.01744   0.01687  0.005061
     32/99     20.4G   0.02526   0.02126  0.003985    0.0505       218       640    0.8539    0.8788    0.9266    0.9167    0.8057     0.017   0.01616  0.007454
     33/99     20.4G   0.02507    0.0205  0.003918   0.04949       184       640    0.9234    0.9097    0.9487    0.9396    0.8287    0.0162   0.01548  0.004864
     34/99     20.4G   0.02478   0.02072  0.003721   0.04922       200       640    0.9273    0.9035    0.9422    0.9306    0.8292   0.01609   0.01563  0.004494
     35/99     20.4G   0.02458   0.02033  0.003853   0.04876       226       640    0.9053    0.9025    0.9406    0.9334    0.8258   0.01592   0.01528  0.005299
     36/99     20.4G   0.02455   0.02054  0.003703   0.04879       215       640    0.9198    0.9154    0.9476    0.9376    0.8251   0.01661   0.01628   0.00448
     37/99     20.4G   0.02418    0.0202   0.00358   0.04796       190       640    0.9253    0.8583    0.9173    0.9094    0.8035   0.01606   0.01578   0.00557
     38/99     20.4G   0.02392   0.02052  0.003638   0.04808       164       640    0.9154     0.917    0.9438    0.9347    0.8266   0.01594   0.01542  0.004412
     39/99     20.4G   0.02406   0.01975  0.003592    0.0474       202       640    0.9032    0.8803    0.9166    0.9086    0.8085    0.0158   0.01521  0.004745
     40/99     20.4G   0.02377   0.01955  0.003709   0.04703       193       640    0.9295     0.913    0.9464    0.9371    0.8331   0.01588   0.01519  0.004495
     41/99     20.4G    0.0235   0.01964  0.003467   0.04661       239       640     0.914    0.8891    0.9429    0.9362    0.8307   0.01561   0.01498  0.005073
     42/99     20.4G   0.02339   0.01973  0.003407   0.04652       160       640    0.9136    0.8973    0.9347    0.9261    0.8252   0.01544   0.01492  0.005293
     43/99     20.4G   0.02311   0.01938  0.003458   0.04594       168       640    0.9328    0.9222    0.9538    0.9471    0.8486   0.01541   0.01473  0.003714
     44/99     20.4G   0.02296   0.01907  0.003343   0.04537       203       640    0.9269    0.9252    0.9487    0.9424    0.8431   0.01523   0.01465  0.003922
     45/99     20.4G   0.02271   0.01925  0.003281   0.04524       218       640    0.9045     0.906     0.945    0.9393     0.844   0.01524   0.01451  0.004571
     46/99     20.4G   0.02268   0.01891  0.003182   0.04477       187       640    0.9209    0.9246    0.9542    0.9487     0.861   0.01484   0.01441  0.004378
     47/99     20.4G   0.02262   0.01931  0.003285   0.04522       136       640    0.9165    0.9097    0.9505    0.9424    0.8414   0.01533   0.01452  0.004559
     48/99     20.4G   0.02259   0.01897  0.003243    0.0448       268       640    0.9369    0.9095    0.9502    0.9451    0.8631    0.0144     0.014  0.004324
     49/99     20.4G   0.02202   0.01868  0.003172   0.04388       189       640    0.9306    0.9043    0.9488    0.9434    0.8479   0.01492   0.01429  0.004534
     50/99     20.4G   0.02225    0.0188   0.00311   0.04416       178       640     0.922    0.9197    0.9505    0.9452     0.856   0.01456    0.0141  0.004014
     51/99     20.4G   0.02183   0.01844  0.002995   0.04327       244       640    0.9353    0.9084    0.9516    0.9453    0.8569   0.01454   0.01389  0.004137
     52/99     20.4G   0.02172   0.01838  0.003095   0.04319       270       640    0.9391    0.8988    0.9456    0.9417    0.8518   0.01457   0.01384  0.004122
     53/99     20.4G   0.02157   0.01817  0.002923   0.04267       158       640    0.9303    0.9094    0.9501     0.945    0.8628   0.01439   0.01372  0.004388
     54/99     20.4G   0.02138     0.018  0.002997   0.04237       245       640    0.9131    0.9177    0.9499     0.945    0.8613   0.01438   0.01376  0.004237
     55/99     20.4G   0.02118   0.01814  0.002943   0.04227       216       640     0.922    0.9265    0.9523    0.9469    0.8613   0.01438   0.01353  0.004003
     56/99     20.4G    0.0211   0.01777  0.002987   0.04186       236       640    0.9292    0.9275    0.9553    0.9505    0.8672   0.01435   0.01344  0.004119
     57/99     20.4G   0.02117    0.0178  0.002853   0.04183       156       640     0.939    0.9114    0.9484    0.9434    0.8586   0.01411   0.01352  0.004191
     58/99     20.4G   0.02103   0.01759  0.002889   0.04151       176       640    0.9253    0.9328    0.9504    0.9485    0.8651     0.014   0.01338  0.003848
     59/99     20.4G   0.02067   0.01808  0.002775   0.04153       260       640     0.935    0.9235    0.9548    0.9491    0.8716    0.0138   0.01303  0.004454
     60/99     20.4G   0.02092   0.01738  0.002826   0.04112       218       640    0.9209    0.9368    0.9583    0.9542    0.8744   0.01405   0.01343  0.003461
     61/99     20.4G   0.02061   0.01751  0.002778    0.0409       110       640    0.9395     0.916    0.9514    0.9471    0.8713   0.01379   0.01307  0.003961
     62/99     20.4G   0.02033   0.01699  0.002737   0.04006       244       640    0.9199    0.9287    0.9491     0.946    0.8673   0.01383   0.01306  0.003955
     63/99     20.4G   0.02013   0.01717  0.002651   0.03995       136       640    0.9345    0.9427    0.9591    0.9567    0.8761   0.01378    0.0131  0.003459
     64/99     20.4G    0.0201   0.01708   0.00258   0.03976       142       640    0.9435    0.9334    0.9567    0.9547    0.8681   0.01412   0.01329    0.0032
     65/99     20.4G   0.02014   0.01683  0.002724   0.03969       171       640     0.924    0.9406    0.9594    0.9568    0.8781   0.01381   0.01302  0.003894
     66/99     20.4G      0.02   0.01685  0.002632   0.03949       173       640    0.9284    0.9322    0.9531    0.9498    0.8731   0.01358   0.01308  0.003662
     67/99     20.4G   0.01997    0.0169  0.002546   0.03942       158       640    0.9462    0.9182    0.9567     0.954    0.8705   0.01389     0.013   0.00347
     68/99     20.4G    0.0194   0.01627  0.002503   0.03817       148       640    0.9406    0.9253    0.9572    0.9539    0.8773   0.01352   0.01282   0.00344
     69/99     20.4G   0.01974   0.01649  0.002555   0.03879       188       640    0.9478    0.9308    0.9591    0.9558    0.8766   0.01363   0.01284  0.003346
     70/99     20.4G   0.01956   0.01656  0.002504   0.03862       243       640    0.9189    0.9405     0.957    0.9546    0.8786   0.01337   0.01261  0.004061
     71/99     20.4G   0.01956   0.01678  0.002504   0.03884       216       640    0.9422    0.9231    0.9546    0.9502    0.8758   0.01358   0.01279  0.003535
     72/99     20.4G   0.01939   0.01634  0.002488   0.03822       140       640    0.9409    0.9333    0.9571    0.9533    0.8778   0.01327   0.01252  0.003454
     73/99     20.4G   0.01962   0.01676  0.002416    0.0388       220       640    0.9219    0.9388    0.9587     0.956     0.881   0.01337   0.01258  0.003424
     74/99     20.4G   0.01922   0.01642  0.002553   0.03819       188       640    0.9356    0.9387    0.9604    0.9588    0.8786   0.01342   0.01264  0.003955
     75/99     20.4G   0.01946   0.01681   0.00238   0.03865       164       640    0.9382    0.9416    0.9571    0.9545    0.8762   0.01352   0.01277  0.003337
     76/99     20.4G   0.01923   0.01635  0.002334   0.03792       192       640     0.942    0.9299    0.9544    0.9515    0.8833   0.01316   0.01244  0.003574
     77/99     20.4G     0.019   0.01635  0.002376   0.03772       242       640    0.9236    0.9384    0.9556    0.9523    0.8738   0.01345   0.01264  0.003546
     78/99     20.4G   0.01884   0.01602  0.002322   0.03718       124       640    0.9396    0.9339    0.9577    0.9552     0.881   0.01343   0.01263  0.003387
     79/99     20.4G   0.01905   0.01621  0.002283   0.03754       205       640    0.9398    0.9364    0.9605    0.9594    0.8875   0.01317   0.01243  0.003405
     80/99     20.4G    0.0188   0.01585  0.002263   0.03691       198       640     0.943    0.9264    0.9577    0.9564    0.8843   0.01315   0.01243  0.003834
     81/99     20.4G   0.01862    0.0158  0.002291   0.03671       187       640    0.9463    0.9286    0.9603    0.9583     0.886   0.01317   0.01244  0.003579
     82/99     20.4G   0.01882   0.01556  0.002356   0.03674       190       640    0.9526    0.9204    0.9591    0.9565    0.8869   0.01308   0.01227  0.003579
     83/99     20.4G   0.01885   0.01635  0.002274   0.03748       261       640    0.9443    0.9286    0.9604    0.9591    0.8873   0.01315   0.01234    0.0033
     84/99     20.4G   0.01862    0.0158  0.002218   0.03663       197       640    0.9381    0.9242    0.9552     0.953     0.887   0.01288   0.01203   0.00367
     85/99     20.4G   0.01836   0.01577  0.002232   0.03636       251       640    0.9548    0.9065    0.9539    0.9521    0.8815   0.01313   0.01223  0.003736
     86/99     20.4G   0.01849   0.01565  0.002273   0.03642       196       640    0.9372    0.9403    0.9586    0.9569    0.8848   0.01308   0.01219  0.003259
     87/99     20.4G   0.01812   0.01558  0.002161   0.03586       201       640    0.9455    0.9348    0.9621      0.96     0.893   0.01292   0.01203  0.003372
     88/99     20.4G   0.01825   0.01518  0.002221   0.03565       222       640    0.9403    0.9289    0.9577    0.9561     0.885   0.01304   0.01212  0.003515
     89/99     20.4G   0.01832   0.01544  0.002158   0.03592       223       640    0.9416    0.9239    0.9566    0.9548    0.8838   0.01307   0.01228  0.003748
     90/99     20.4G   0.01814   0.01545  0.002141   0.03573       175       640    0.9394     0.934     0.959    0.9577     0.886   0.01297   0.01209    0.0037
     91/99     20.4G   0.01833   0.01528   0.00224   0.03585       200       640    0.9482    0.9258    0.9543    0.9528    0.8862   0.01289   0.01203  0.003524
     92/99     20.4G   0.01826    0.0156  0.002223   0.03609       146       640     0.945    0.9302    0.9596    0.9566    0.8956   0.01256   0.01174  0.003501
     93/99     20.4G   0.01811   0.01509   0.00216   0.03536       161       640    0.9418    0.9304     0.958    0.9547    0.8883   0.01281   0.01199  0.003681
     94/99     20.4G    0.0182   0.01524   0.00209   0.03553       206       640    0.9343    0.9335    0.9565    0.9549      0.89   0.01271    0.0119  0.003628
     95/99     20.4G   0.01814   0.01506  0.002171   0.03537       180       640    0.9385    0.9262    0.9527    0.9508    0.8876    0.0126   0.01175  0.003793
     96/99     20.4G   0.01807   0.01504   0.00209    0.0352       229       640    0.9418    0.9263    0.9563    0.9544    0.8881   0.01278    0.0119  0.003707
     97/99     20.4G     0.018    0.0149  0.002122   0.03503       167       640     0.946    0.9322    0.9574    0.9556    0.8923   0.01275    0.0119  0.003359
     98/99     20.4G   0.01786   0.01504  0.002069   0.03497       173       640    0.9556    0.9197    0.9562    0.9541    0.8897   0.01267   0.01182  0.003488
     99/99     20.4G   0.01788   0.01501  0.002019    0.0349       171       640    0.9331    0.9386    0.9554    0.9538    0.8899   0.01275   0.01194  0.003413
