      0/99     13.1G    0.1036   0.07448   0.03003    0.2081       171       640   0.00559   0.05111 0.0002314 3.073e-05 5.142e-05    0.1211    0.1416    0.0366
      1/99     15.6G   0.08282   0.05673   0.02161    0.1612       223       640    0.7407   0.07782   0.03957 0.0004995  0.006935   0.09544    0.3697   0.04345
      2/99     15.6G    0.0704   0.04669   0.01658    0.1337       228       640    0.6793     0.482    0.4237   0.06798    0.1555   0.05236   0.04491   0.01608
      3/99     15.6G   0.06258   0.04276   0.01453    0.1199       219       640    0.5506    0.5485    0.5468    0.1417    0.2203   0.05656   0.05085   0.01456
      4/99     15.6G   0.05172   0.03699   0.01231     0.101       130       640    0.8079    0.7237    0.7982    0.4464    0.4448   0.03667   0.03607   0.01049
      5/99     15.6G   0.04468    0.0336  0.009923   0.08821       223       640    0.8153    0.7628    0.8472    0.6328    0.5317   0.03196   0.02896   0.01164
      6/99     15.6G   0.04274    0.0321  0.009251   0.08409       185       640    0.8303    0.7444    0.8124    0.6159    0.5253   0.03169   0.03415    0.0104
      7/99     15.6G    0.0391   0.03029  0.008293   0.07768       193       640    0.8745    0.7625    0.8649    0.7412    0.6124   0.02812   0.02601   0.01116
      8/99     15.6G   0.03747   0.02887  0.008056    0.0744       183       640    0.8968    0.8172    0.9031    0.8216    0.6655   0.02564   0.02358  0.007336
      9/99     15.6G    0.0359   0.02841  0.007108   0.07142       190       640    0.9035    0.8151    0.9052    0.8387    0.6867   0.02466   0.02343  0.007807
     10/99     15.6G   0.03456   0.02718  0.006748   0.06849       192       640    0.8945    0.8146    0.8985    0.8329    0.6772   0.02418   0.02254  0.007737
     11/99     15.6G   0.03361   0.02685  0.006262   0.06673       130       640     0.883    0.8173    0.8844      0.81    0.6566   0.02502   0.02295  0.007381
     12/99     15.6G   0.03294   0.02608  0.006005   0.06503       174       640    0.8629    0.7775    0.8602    0.7897     0.659    0.0231   0.02187   0.01295
     13/99     15.6G    0.0321    0.0263  0.005984   0.06438       191       640     0.869    0.8059    0.8596    0.8027    0.6657   0.02299   0.02466  0.008134
     14/99     15.6G   0.03142    0.0251  0.005387    0.0619       249       640    0.8396    0.8564    0.8991    0.8682    0.7217   0.02119   0.02044   0.00692
     15/99     15.6G   0.03016   0.02444  0.005463   0.06007       228       640    0.8667    0.8556    0.9001    0.8629    0.7271    0.0208   0.01965  0.007379
     16/99     15.6G   0.03057   0.02459  0.005294   0.06045       232       640    0.8713    0.8806     0.923    0.8954     0.753    0.0209   0.01961   0.00643
     17/99     15.6G   0.02926   0.02378     0.005   0.05804       140       640      0.91    0.8639    0.9209    0.8938    0.7649   0.01944   0.01848  0.006368
     18/99     15.6G   0.02963   0.02369  0.004725   0.05804       188       640    0.6798    0.7135    0.7667    0.7131     0.602    0.0225   0.02517   0.02002
     19/99     15.6G   0.02851   0.02315  0.004723   0.05639       177       640    0.8661    0.8428    0.8983    0.8794     0.759   0.01907   0.01902  0.007183
     20/99     15.6G   0.02845   0.02326  0.004663   0.05637       208       640    0.8615    0.8837    0.9173    0.8982    0.7734   0.01871    0.0182  0.006164
     21/99     15.6G   0.02769   0.02241  0.004476   0.05457       223       640     0.905    0.8875     0.936    0.9163    0.7816   0.01878   0.01786   0.00543
     22/99     15.6G   0.02769   0.02226  0.004404   0.05435       204       640    0.9209    0.8633    0.9299    0.9105     0.776   0.01871   0.01774  0.005475
     23/99     15.6G   0.02734   0.02252  0.004473   0.05434       240       640    0.8597    0.8836    0.8963    0.8726     0.761   0.01835    0.0186  0.006307
     24/99     15.6G   0.02764   0.02288  0.004208   0.05473       161       640    0.9026     0.889    0.9271    0.9113    0.7881    0.0181   0.01752  0.005884
     25/99     15.6G   0.02636   0.02175   0.00409    0.0522       184       640    0.6873    0.8148    0.7862    0.7548    0.6524   0.01947   0.01916   0.01885
     26/99     15.6G   0.02636   0.02164  0.003933   0.05193       203       640    0.9274    0.8807    0.9354    0.9184    0.7934   0.01823   0.01745  0.005512
     27/99     15.6G   0.02614   0.02143  0.004018   0.05159       155       640    0.9388    0.8784    0.9298    0.9107    0.7998    0.0172   0.01683  0.004541
     28/99     15.6G   0.02564   0.02106  0.003942   0.05064       135       640    0.8847    0.9059    0.9392    0.9251    0.8081   0.01713   0.01642  0.004596
     29/99     15.6G   0.02557   0.02088  0.003824   0.05027       219       640    0.9157    0.8933    0.9343    0.9205    0.8117   0.01697   0.01615  0.004327
     30/99     15.6G   0.02579   0.02088  0.003882   0.05055       216       640    0.8398    0.8741    0.9128    0.9004    0.7918   0.01703   0.01638  0.006494
     31/99     15.6G   0.02487   0.02054  0.003679    0.0491       169       640    0.9239    0.9092    0.9415    0.9271     0.822   0.01644   0.01576   0.00446
     32/99     15.6G   0.02474   0.02026  0.003507   0.04851       204       640    0.9332    0.9063    0.9431     0.933    0.8264    0.0161   0.01534   0.00419
     33/99     15.6G   0.02429   0.02007  0.003569   0.04793       199       640    0.9167    0.9074    0.9387    0.9279    0.8189   0.01645    0.0157  0.004389
     34/99     15.6G   0.02436      0.02  0.003455   0.04782       214       640    0.7804    0.8669     0.834     0.825    0.7364   0.01628   0.01646   0.01036
     35/99     15.6G   0.02425   0.01996  0.003374   0.04759       193       640    0.9201    0.8784    0.9347    0.9231    0.8228    0.0159   0.01514   0.00533
     36/99     15.6G   0.02428   0.01976  0.003233   0.04728       180       640    0.9225    0.9028    0.9363    0.9292    0.8263    0.0161   0.01567  0.004391
     37/99     15.6G   0.02366   0.01949  0.003276   0.04642       215       640    0.8931    0.8997    0.9321    0.9232    0.8132   0.01639   0.01593  0.004864
     38/99     15.6G   0.02401   0.01975  0.003283   0.04704       140       640    0.9272    0.8994     0.941    0.9331    0.8303   0.01582   0.01533  0.003875
     39/99     15.6G   0.02322   0.01925  0.003399   0.04587       198       640    0.9178    0.9049    0.9328    0.9265    0.8195   0.01589   0.01548  0.004293
     40/99     15.6G   0.02336   0.01916  0.003333   0.04585       186       640     0.911     0.912     0.941    0.9318    0.8322   0.01573     0.015  0.004561
     41/99     15.6G   0.02298   0.01892  0.003201    0.0451       189       640    0.8948    0.9138    0.9319    0.9265    0.8324   0.01527   0.01458  0.004777
     42/99     15.6G   0.02316    0.0192  0.003097   0.04546       183       640    0.8909    0.8965    0.9292     0.922    0.8227   0.01554   0.01516  0.005907
     43/99     15.6G   0.02273   0.01857  0.003084   0.04438       143       640    0.9151    0.9298    0.9548    0.9484    0.8539   0.01516    0.0146  0.003952
     44/99     15.6G   0.02251   0.01864  0.003049    0.0442       173       640     0.886    0.9073     0.918    0.9114    0.8182   0.01556   0.01528  0.005102
     45/99     15.6G   0.02235   0.01865   0.00295   0.04395       196       640    0.8461    0.9088    0.9078    0.9004    0.8102   0.01532   0.01474  0.005672
     46/99     15.6G   0.02289   0.01887  0.002922   0.04468       183       640    0.9272    0.9246    0.9539    0.9471     0.851   0.01506    0.0144  0.004478
     47/99     15.6G   0.02199   0.01836  0.003012   0.04337       179       640    0.8814    0.8991    0.9318    0.9242    0.8379   0.01479   0.01439  0.006014
     48/99     15.6G   0.02223   0.01854  0.003016   0.04378       183       640    0.8998    0.8894    0.9348    0.9304    0.8432   0.01501   0.01437  0.005182
     49/99     15.6G   0.02194   0.01837  0.002941   0.04325       214       640    0.9219    0.9113    0.9405    0.9362    0.8441   0.01482   0.01411  0.004406
     50/99     15.6G   0.02194   0.01852  0.002828   0.04329       221       640    0.8517    0.8925    0.9076    0.9015     0.814     0.015   0.01458  0.006111
     51/99     15.6G    0.0218   0.01832  0.002808   0.04293       198       640    0.9222     0.924    0.9416    0.9363    0.8556   0.01409   0.01353  0.004099
     52/99     15.6G   0.02138   0.01753  0.002846   0.04175       269       640    0.8789    0.9088    0.9324    0.9282    0.8466   0.01418   0.01323  0.006342
     53/99     15.6G   0.02101   0.01769  0.002688   0.04138       210       640    0.9436    0.9204    0.9536    0.9513    0.8712    0.0139   0.01322  0.004184
     54/99     15.6G    0.0213   0.01765  0.002589   0.04153       211       640    0.9153    0.9202    0.9465    0.9437    0.8544   0.01452   0.01371  0.004134
     55/99     15.6G   0.02108   0.01732  0.002634   0.04103       180       640     0.934    0.9224     0.951    0.9487     0.873   0.01386   0.01331   0.00391
     56/99     15.6G   0.02084   0.01704  0.002535   0.04042       202       640    0.9152    0.9264    0.9482    0.9461    0.8641   0.01397   0.01323  0.004042
     57/99     15.6G    0.0205    0.0172  0.002555   0.04026       151       640    0.9385    0.9058    0.9425    0.9384    0.8619   0.01386   0.01326  0.004503
     58/99     15.6G   0.02079   0.01735  0.002613   0.04075       168       640    0.9439    0.9211    0.9531    0.9481    0.8725   0.01376     0.013  0.003453
     59/99     15.6G   0.02037   0.01702  0.002595   0.03999       172       640    0.9544    0.9024    0.9519      0.95    0.8723   0.01369   0.01294  0.003901
     60/99     15.6G   0.02002   0.01666  0.002459   0.03914       190       640    0.9434    0.9135    0.9528    0.9497    0.8722   0.01373   0.01305  0.003802
     61/99     15.6G   0.02019   0.01654    0.0025   0.03924       150       640    0.9285    0.9265    0.9518    0.9477    0.8739   0.01352   0.01279  0.003858
     62/99     15.6G   0.01969   0.01612  0.002473   0.03829       172       640    0.9462    0.9067    0.9513    0.9483    0.8814   0.01306   0.01237  0.003906
     63/99     15.6G   0.01962   0.01612  0.002373   0.03812       161       640    0.9322    0.9211    0.9461    0.9427    0.8712   0.01337   0.01264  0.004369
     64/99     15.6G   0.01941   0.01597  0.002444   0.03783       239       640    0.9438    0.9158    0.9537    0.9507    0.8801   0.01322    0.0124  0.003729
     65/99     15.6G   0.01926   0.01592  0.002416   0.03759       207       640    0.9431    0.9213    0.9563    0.9547    0.8804   0.01325   0.01248  0.003688
     66/99     15.6G    0.0194   0.01588  0.002428   0.03771       180       640    0.9293    0.8996     0.952    0.9502    0.8846   0.01297   0.01229  0.003897
     67/99     15.6G   0.01919    0.0154  0.002453   0.03704       179       640    0.9339    0.9234    0.9511    0.9474    0.8929   0.01249   0.01178  0.003755
     68/99     15.6G   0.01909   0.01549  0.002452   0.03704       202       640     0.927    0.9244    0.9511    0.9494    0.8859   0.01282   0.01206  0.004004
     69/99     15.6G   0.01853   0.01534  0.002285   0.03615       250       640    0.9333    0.9329    0.9533    0.9515    0.8883   0.01281   0.01213   0.00417
     70/99     15.6G    0.0188   0.01561  0.002311   0.03672       236       640     0.938     0.929    0.9554    0.9522    0.8901   0.01281   0.01209  0.004292
     71/99     15.6G   0.01875    0.0156   0.00229   0.03664       209       640    0.9354    0.9248    0.9568    0.9541    0.8928   0.01266   0.01193  0.003781
     72/99     15.6G   0.01851   0.01508  0.002288   0.03588       161       640    0.9263     0.929    0.9511    0.9499    0.8982   0.01197   0.01128  0.003694
     73/99     15.6G   0.01831   0.01505  0.002266   0.03563       193       640    0.9419    0.9124    0.9501    0.9468    0.8943    0.0122   0.01149  0.003968
     74/99     15.6G   0.01807   0.01479  0.002219   0.03508       186       640    0.9362    0.9212    0.9489    0.9474    0.8854   0.01242   0.01181  0.003994
     75/99     15.6G   0.01809   0.01485  0.002178   0.03511       178       640    0.9418    0.9254    0.9559    0.9536    0.8949   0.01253   0.01188  0.003703
     76/99     15.6G   0.01832   0.01488  0.002245   0.03544       177       640    0.9422    0.9209    0.9526    0.9509    0.8945   0.01223   0.01155  0.004077
     77/99     15.6G   0.01789   0.01452  0.002255   0.03467       202       640    0.9253     0.922    0.9525    0.9497    0.8953   0.01226   0.01163  0.004191
     78/99     15.6G   0.01791   0.01447  0.002186   0.03456       193       640    0.9311    0.9217    0.9439    0.9409    0.8913   0.01202   0.01125  0.004309
     79/99     15.6G   0.01776   0.01431  0.002061   0.03413       194       640    0.9351    0.9196    0.9489    0.9473    0.8974   0.01193    0.0112  0.003829
     80/99     15.6G   0.01745   0.01411  0.002114   0.03367       226       640    0.9323    0.9104    0.9513    0.9488    0.9004   0.01186   0.01109  0.004435
     81/99     15.6G   0.01738   0.01403    0.0021   0.03351       205       640    0.9304    0.9108    0.9439    0.9426    0.8954   0.01171   0.01095  0.004053
     82/99     15.6G    0.0176   0.01429  0.002075   0.03397       203       640    0.9325    0.9287    0.9527    0.9503    0.8993   0.01215   0.01156  0.003723
     83/99     15.6G   0.01734   0.01408  0.002083    0.0335       152       640    0.9389    0.9254    0.9532     0.951    0.9047   0.01184   0.01113  0.003919
     84/99     15.6G    0.0172   0.01393  0.001902   0.03303       168       640    0.9392    0.9339    0.9567    0.9555    0.9047   0.01179   0.01106  0.003509
     85/99     15.6G    0.0171   0.01378  0.002036   0.03291       170       640    0.9418    0.9331    0.9586    0.9573    0.9103   0.01161   0.01083  0.003649
     86/99     15.6G   0.01706   0.01371  0.001947   0.03272       149       640    0.9341     0.923    0.9513    0.9501    0.9033   0.01158   0.01092  0.004205
     87/99     15.6G   0.01717   0.01382  0.001935   0.03293       135       640    0.9261    0.9258    0.9415    0.9403    0.9015   0.01126   0.01054  0.003987
     88/99     15.6G   0.01726   0.01382   0.00204   0.03312       206       640    0.9265    0.9296     0.949    0.9478    0.9095   0.01124   0.01046  0.004256
     89/99     15.6G   0.01691   0.01366  0.002024    0.0326       167       640    0.9316    0.9274    0.9456    0.9442    0.9082   0.01119   0.01042  0.003882
     90/99     15.6G   0.01696   0.01368  0.001907   0.03254       170       640    0.9374    0.9266    0.9509    0.9499    0.9111   0.01133   0.01055  0.003906
     91/99     15.6G   0.01709   0.01359   0.00192   0.03261       226       640    0.9262     0.928    0.9506    0.9496    0.9105   0.01126   0.01055  0.003933
     92/99     15.6G   0.01691    0.0136  0.001881    0.0324       200       640    0.9374    0.9092    0.9426    0.9414    0.9023   0.01126    0.0104  0.004311
     93/99     15.6G   0.01682   0.01355  0.001843   0.03221       152       640    0.9438    0.9174    0.9477    0.9467    0.9103   0.01119   0.01038  0.004033
     94/99     15.6G   0.01699   0.01376  0.001834   0.03259       230       640    0.9198    0.9303    0.9505     0.949    0.9109   0.01123   0.01042  0.003923
