      0/99     11.7G    0.1044   0.07691   0.03431    0.2157       177       640 0.0006194   0.03195 0.0001141  4.93e-07 1.832e-05   0.09701   0.07754   0.03346
      1/99     23.4G   0.09886   0.07057   0.02679    0.1962       149       640  0.001943   0.07171 0.0004135 5.731e-07 6.085e-05   0.09787    0.3258   0.02984
      2/99     23.4G   0.08201   0.05494   0.02176    0.1587       118       640    0.6419    0.2313    0.1326   0.00334   0.02948   0.07354   0.05388    0.0195
      3/99     23.4G   0.07338   0.04997   0.01804    0.1414       102       640    0.5099    0.2117     0.193   0.01978   0.06148   0.07119   0.06323   0.02195
      4/99     23.4G   0.06372   0.04644   0.01588     0.126       130       640    0.4421    0.3804    0.2744   0.04808    0.1007   0.05896   0.05481   0.03065
      5/99     23.4G   0.05692   0.04251   0.01408    0.1135        83       640    0.6745    0.4136    0.4047    0.1266     0.175   0.05283   0.04671   0.01551
      6/99     23.4G   0.05161   0.04051   0.01272    0.1048       164       640    0.7604    0.3599    0.4138    0.1976    0.2141    0.0473    0.1324    0.0165
      7/99     23.4G   0.04665    0.0371   0.01135    0.0951        70       640    0.8452    0.5359    0.6546    0.4299    0.3877   0.03448   0.03398   0.01337
      8/99     23.4G   0.04285   0.03416   0.01008   0.08709        78       640    0.8446    0.5687    0.6899     0.459    0.4136   0.03282   0.03171   0.01071
      9/99     23.4G   0.03985   0.03318  0.009203   0.08223        99       640    0.8139    0.5311    0.6473    0.4986    0.4249    0.0301   0.03238   0.01343
     10/99     23.4G   0.03906   0.03198  0.008519   0.07956       112       640    0.8211     0.559     0.617    0.5354    0.4342   0.02856   0.03045    0.0121
     11/99     23.4G   0.03673    0.0304  0.008037   0.07517       148       640     0.776     0.592    0.6038    0.4888    0.4145   0.02988   0.03048   0.01254
     12/99     23.4G   0.03568   0.03014  0.007638   0.07346       195       640    0.8189    0.5611    0.6444    0.5644    0.4613   0.02635   0.02623   0.01249
     13/99     23.4G   0.03441   0.02915  0.007086   0.07065       138       640    0.9001    0.6181     0.689    0.6189    0.5185   0.02374   0.02402  0.008032
     14/99     23.4G     0.034   0.02829  0.006951   0.06925       119       640     0.898    0.6039    0.6843    0.6258    0.5164   0.02377   0.02344  0.008614
     15/99     23.4G   0.03317   0.02842  0.006737   0.06832       134       640    0.9099    0.6226    0.6835    0.6481    0.5441    0.0219   0.02265  0.007532
     16/99     23.4G    0.0324   0.02759  0.006419   0.06641       113       640    0.7709    0.6151    0.6001    0.5587    0.4628   0.02381   0.02561   0.01571
     17/99     23.4G   0.03161   0.02693  0.006266    0.0648       103       640    0.8809    0.6138    0.6982    0.6476     0.545   0.02146    0.0216  0.008588
     18/99     23.4G   0.03119   0.02659  0.006141   0.06392       127       640    0.8617    0.6189    0.6798    0.6484    0.5446   0.02099   0.02107  0.009071
     19/99     23.4G   0.03076   0.02615  0.006033   0.06294       144       640    0.8721     0.614     0.677    0.6447     0.539   0.02079   0.02095  0.008116
     20/99     23.4G   0.03019    0.0255   0.00569   0.06138       120       640     0.841    0.5942    0.6298    0.5989     0.507   0.02061   0.02055   0.01033
     21/99     23.4G   0.02972   0.02522  0.005625   0.06057       105       640    0.9158    0.6337    0.7076    0.6846    0.5803   0.01961   0.01952  0.007252
     22/99     23.4G   0.02891   0.02432  0.005401   0.05863       135       640    0.9169    0.6264    0.6995    0.6692      0.57   0.01946   0.01912  0.008108
     23/99     23.4G   0.02885   0.02428  0.005313   0.05844       177       640    0.8681    0.6158    0.6839    0.6551    0.5611   0.01968    0.0194  0.009298
     24/99     23.4G   0.02813   0.02399  0.005145   0.05726       101       640    0.9238    0.6373     0.706    0.6761    0.5896    0.0187   0.01844  0.007083
     25/99     23.4G   0.02842   0.02447  0.005172   0.05806       182       640    0.9026    0.6496    0.7035    0.6858    0.5892   0.01865   0.01822  0.007032
     26/99     23.4G   0.02823   0.02376  0.005091   0.05707       138       640    0.8676    0.6203     0.658    0.6371    0.5425   0.01978   0.01937  0.008453
     27/99     23.4G   0.02763   0.02409  0.004967   0.05669       137       640    0.9012    0.6281     0.698    0.6778    0.5849   0.01834   0.01815  0.009528
     28/99     23.4G   0.02744   0.02335  0.005002   0.05579       148       640     0.938    0.6315     0.704    0.6859    0.5916   0.01848   0.01822  0.006316
     29/99     23.4G   0.02681   0.02319   0.00487   0.05487       110       640    0.9171    0.6279    0.7094    0.6881    0.5944   0.01804   0.01753   0.00761
     30/99     23.4G   0.02636   0.02234   0.00485   0.05355       120       640     0.885    0.6057     0.666    0.6504    0.5662    0.0181   0.01788  0.008904
     31/99     23.4G   0.02668   0.02301  0.004621   0.05431       136       640    0.9161    0.6503    0.7145    0.7039    0.6091   0.01748   0.01715  0.006645
     32/99     23.4G   0.02614   0.02242   0.00459   0.05315       109       640    0.9016    0.6272    0.6905    0.6761    0.5871    0.0177   0.01738  0.007092
     33/99     23.4G   0.02622   0.02258  0.004551   0.05336       151       640    0.9462    0.6416    0.7268    0.7124     0.624   0.01754   0.01682  0.005621
     34/99     23.4G   0.02551   0.02219  0.004414    0.0521       117       640    0.9349    0.6555    0.7214    0.7095    0.6184   0.01755   0.01717  0.005378
     35/99     23.4G    0.0251   0.02182  0.004335   0.05126       109       640    0.9168    0.6469    0.7373    0.7239     0.642   0.01676   0.01642   0.00595
     36/99     23.4G   0.02547   0.02186   0.00437    0.0517       118       640       0.9    0.6237    0.7159    0.7007    0.6191   0.01668   0.01623   0.01082
     37/99     23.4G   0.02503   0.02152  0.004308   0.05085       131       640    0.9075     0.658    0.7454    0.7364    0.6487   0.01657    0.0163    0.0058
     38/99     23.4G   0.02472   0.02133  0.004318   0.05036       142       640    0.9143    0.6558    0.7324    0.7214    0.6296   0.01715   0.01668  0.005891
     39/99     23.4G    0.0249   0.02178  0.003973   0.05065       156       640    0.9383    0.6591     0.762    0.7495    0.6707   0.01612    0.0158  0.005612
     40/99     23.4G   0.02466   0.02145  0.003992    0.0501       159       640    0.9364    0.6373    0.7368    0.7278    0.6371   0.01664   0.01618  0.006284
     41/99     23.4G   0.02429   0.02096  0.004122   0.04938       136       640    0.9358    0.6613    0.7405    0.7281    0.6382   0.01661   0.01619  0.005063
     42/99     23.4G   0.02418   0.02117  0.004023   0.04937       152       640    0.9284    0.6432    0.7406    0.7321    0.6499   0.01605   0.01575  0.006706
     43/99     23.4G   0.02368   0.02072  0.003981   0.04838       183       640    0.9227    0.6409    0.7321    0.7199    0.6337   0.01616   0.01548  0.007125
     44/99     23.4G   0.02379   0.02074  0.004141   0.04867       162       640    0.9149    0.6475    0.7464    0.7331    0.6529   0.01597   0.01544  0.007059
     45/99     23.4G   0.02377   0.02074  0.003948   0.04845       169       640    0.9291    0.6345    0.7379    0.7258    0.6423   0.01599   0.01542  0.007055
     46/99     23.4G   0.02351   0.02072  0.003707   0.04793       181       640    0.9273    0.6568     0.762    0.7549    0.6696   0.01579   0.01522  0.005823
     47/99     23.4G   0.02337   0.02056  0.003683   0.04761       161       640    0.9355    0.6403    0.7506    0.7411    0.6543    0.0158    0.0152  0.006776
     48/99     23.4G     0.023   0.02026  0.003686   0.04695       172       640    0.9333     0.665     0.754    0.7458     0.663   0.01583    0.0152  0.005325
     49/99     23.4G   0.02329   0.02032  0.003754   0.04736       127       640    0.9405    0.6526    0.7332    0.7276     0.649   0.01574   0.01505  0.004995
     50/99     23.4G   0.02318   0.02023  0.003684    0.0471       111       640    0.9332    0.6647    0.7671    0.7528    0.6794   0.01516   0.01464  0.005275
     51/99     23.4G   0.02293   0.02009  0.003784    0.0468       163       640    0.9285    0.6586    0.7476     0.737    0.6581    0.0157   0.01503  0.005573
     52/99     23.4G   0.02282   0.01969   0.00362   0.04613       127       640    0.9175    0.6731    0.7378    0.7305    0.6514   0.01588   0.01525    0.0051
     53/99     23.4G   0.02242   0.01979  0.003622   0.04583       153       640    0.9425    0.6429     0.739    0.7259      0.65   0.01531   0.01491  0.005753
     54/99     23.4G   0.02246   0.01929  0.003466   0.04522       102       640    0.9437    0.6488    0.7557    0.7496    0.6793   0.01509    0.0145  0.005594
     55/99     23.4G   0.02211   0.01929  0.003514   0.04492       144       640    0.9239    0.6651    0.7553     0.749    0.6764   0.01486   0.01422  0.005355
     56/99     23.4G   0.02208   0.01914  0.003467   0.04468       189       640    0.9243     0.664    0.7644    0.7582    0.6849   0.01498   0.01428  0.005699
     57/99     23.4G   0.02173   0.01889  0.003232   0.04386       116       640    0.9497    0.6613    0.7662    0.7599    0.6914   0.01488   0.01417  0.004796
     58/99     23.4G   0.02187   0.01909  0.003476   0.04443       170       640    0.9281    0.6697    0.7517    0.7455    0.6806   0.01466   0.01418  0.005165
     59/99     23.4G   0.02173   0.01889  0.003423   0.04405       132       640    0.9357    0.6714    0.7497    0.7429    0.6757   0.01472   0.01397  0.005055
     60/99     23.4G   0.02172   0.01905    0.0034   0.04418       127       640    0.9412    0.6585    0.7652    0.7582    0.6898   0.01449   0.01396   0.00491
     61/99     23.4G   0.02152   0.01884   0.00311   0.04347        93       640    0.9205    0.6562    0.7355      0.73    0.6601   0.01471   0.01415  0.005575
     62/99     23.4G   0.02151   0.01909  0.003288   0.04389       257       640    0.9203    0.6599    0.7362    0.7285    0.6599   0.01476   0.01391   0.00541
     63/99     23.4G   0.02152   0.01885  0.003198   0.04357       129       640    0.9008    0.6788     0.759    0.7538    0.6861   0.01468   0.01417  0.005448
     64/99     23.4G   0.02124   0.01842  0.003069   0.04273       149       640    0.9327    0.6641    0.7594    0.7526    0.6818   0.01483   0.01395  0.005012
     65/99     23.4G   0.02086   0.01826  0.003216   0.04233       131       640    0.9038    0.6696    0.7415    0.7365    0.6661   0.01472   0.01404    0.0056
     66/99     23.4G   0.02103   0.01877  0.003209   0.04301       139       640    0.9274    0.6623    0.7567    0.7514    0.6784   0.01461   0.01385  0.005421
     67/99     23.4G   0.02094   0.01835  0.003048   0.04234       142       640    0.5798    0.8566    0.7692    0.7642     0.696   0.01429   0.01353  0.005799
     68/99     23.4G   0.02106   0.01877  0.003091   0.04293       142       640    0.5752    0.8549    0.7716    0.7618    0.6994   0.01417   0.01349  0.005268
     69/99     23.4G   0.02056   0.01809  0.003085   0.04174       125       640    0.5766    0.8661    0.7684    0.7624    0.6989   0.01421    0.0135  0.005084
     70/99     23.4G   0.02041   0.01788  0.003134   0.04142        93       640    0.5908    0.8547    0.7721    0.7655    0.6952   0.01478   0.01396  0.004618
     71/99     23.4G   0.02035   0.01792  0.002988   0.04126       122       640    0.6293    0.8648    0.7941    0.7862    0.7158   0.01453   0.01372  0.005037
     72/99     23.4G   0.02032   0.01773  0.003099   0.04115        99       640    0.6754    0.7987    0.7833    0.7761    0.7073   0.01423   0.01359  0.005404
     73/99     23.4G   0.02027   0.01749   0.00294    0.0407       127       640    0.6157    0.8265    0.7792    0.7711    0.7023   0.01445   0.01361  0.004947
     74/99     23.4G   0.02005   0.01748  0.002993   0.04052       113       640     0.603    0.8634    0.7775    0.7665    0.7034   0.01414   0.01345  0.005286
     75/99     23.4G   0.01995   0.01744  0.002898   0.04028       133       640    0.6113    0.8086    0.7762    0.7711    0.6998   0.01444   0.01357  0.004871
     76/99     23.4G      0.02   0.01768  0.002849   0.04054       146       640    0.6745    0.8217    0.7951    0.7893    0.7176    0.0142   0.01334   0.00532
     77/99     23.4G    0.0196     0.017  0.002909   0.03951       100       640    0.6829    0.8147    0.8113    0.8042    0.7387   0.01358   0.01279  0.005378
     78/99     23.4G   0.01973   0.01746  0.002872   0.04005       109       640    0.6666    0.8211    0.8011     0.795    0.7187   0.01415    0.0133  0.005257
     79/99     23.4G   0.01973   0.01717  0.003023   0.03992       140       640    0.6932    0.8336    0.8256    0.8182    0.7515   0.01382   0.01298  0.005043
     80/99     23.4G   0.01914   0.01652    0.0028   0.03846       148       640     0.846    0.7925    0.8237    0.8175    0.7552   0.01354   0.01262  0.005294
     81/99     23.4G   0.01951   0.01686  0.002893   0.03926        95       640    0.8675    0.7473    0.8039    0.7971     0.728   0.01391   0.01305  0.005337
     82/99     23.4G   0.01922   0.01673  0.002884   0.03884       204       640    0.8496    0.7652    0.8104    0.8054     0.736   0.01342   0.01255  0.005044
     83/99     23.4G   0.01884   0.01631  0.002738   0.03789       133       640    0.8116    0.7832    0.8253    0.7939    0.7428    0.0134   0.01267  0.004989
     84/99     23.4G   0.01903   0.01654  0.002756   0.03833        91       640    0.8515    0.7891    0.8374    0.8317    0.7696    0.0132   0.01237  0.005058
     85/99     23.4G   0.01896   0.01646  0.002728   0.03815       139       640    0.8032    0.7871    0.8204    0.8167     0.757   0.01273   0.01192  0.005364
     86/99     23.4G   0.01878   0.01628  0.002632   0.03769       144       640    0.8757    0.7645    0.8327    0.7863    0.7515   0.01298   0.01223  0.005139
     87/99     23.4G   0.01863   0.01632  0.002711   0.03766       150       640    0.8705    0.7782    0.8292    0.8237    0.7544   0.01312   0.01229  0.005591
     88/99     23.4G   0.01891   0.01631  0.002722   0.03794       170       640     0.878    0.7845    0.8414    0.7953    0.7577   0.01304   0.01224  0.005154
     89/99     23.4G   0.01867   0.01602  0.002739   0.03743       120       640    0.8932    0.7761    0.8277    0.7841     0.746   0.01295   0.01217  0.005264
     90/99     23.4G   0.01836   0.01578   0.00272   0.03686       158       640    0.8192    0.7809    0.8024    0.7641    0.7263   0.01276   0.01195  0.005183
     91/99     23.4G   0.01827   0.01571  0.002731   0.03671       162       640    0.8355    0.7806    0.8276    0.8238    0.7715   0.01282     0.012  0.005058
     92/99     23.4G   0.01844   0.01582  0.002569   0.03684       144       640    0.8695     0.771    0.8179    0.8134    0.7619   0.01251   0.01164  0.005303
     93/99     23.4G   0.01835   0.01599  0.002475   0.03681       197       640    0.9132    0.7777    0.8284     0.824    0.7622   0.01307   0.01225  0.004874
     94/99     23.4G   0.01825   0.01563  0.002655   0.03653       178       640     0.838    0.7783    0.8096    0.7643    0.7314    0.0131   0.01234  0.005133
     95/99     23.4G   0.01826   0.01583  0.002509    0.0366       131       640     0.914    0.7704    0.8244    0.8198    0.7611   0.01263   0.01183  0.005251
     96/99     23.4G   0.01834   0.01574  0.002619    0.0367       142       640    0.8096    0.7751    0.8019    0.7975    0.7433   0.01258   0.01184  0.004761
     97/99     23.4G   0.01812   0.01552  0.002608   0.03626       194       640    0.8515    0.7662    0.8087    0.8039      0.75   0.01262   0.01192  0.005146
     98/99     23.4G   0.01792   0.01528  0.002592    0.0358       135       640    0.8855    0.7658    0.8114    0.8072    0.7571   0.01256   0.01178  0.005221
     99/99     23.4G     0.018   0.01547  0.002664   0.03613       129       640    0.8464    0.7734    0.8091    0.8069    0.7581   0.01247   0.01168  0.005171
