      0/99     22.2G    0.1038   0.07657   0.03391    0.2143       233       640  0.001713  0.006877 0.0002608 1.336e-06  4.28e-05   0.09718   0.07671   0.03347
      1/99     22.2G   0.09499   0.06773   0.02553    0.1882       135       640    0.2984     0.212   0.05606  0.001234   0.01257   0.08486    0.1912   0.02521
      2/99     22.2G   0.07721   0.05416   0.02051    0.1519       143       640    0.6951    0.2879    0.2465    0.0348   0.08361   0.06413    0.0665   0.01926
      3/99     22.2G   0.06538   0.04841   0.01744    0.1312       126       640    0.4989    0.2292    0.2216   0.04706   0.08675   0.06541    0.1215   0.02178
      4/99     22.2G   0.05572   0.04272   0.01471    0.1131       217       640    0.6816    0.5083    0.5031    0.2109    0.2471   0.04425    0.0397   0.01492
      5/99     22.2G   0.04864   0.03917   0.01306    0.1009       177       640    0.8064     0.511    0.5747     0.288    0.3046   0.04155   0.03792   0.01206
      6/99     22.2G   0.04406   0.03634   0.01124   0.09164       195       640    0.8585    0.5206    0.6012    0.4148    0.3662   0.03572   0.04161   0.01213
      7/99     22.2G   0.04295    0.0346   0.01042   0.08798       185       640    0.8473    0.5646    0.6997    0.4855    0.4209   0.03121   0.03508   0.01155
      8/99     22.2G   0.04022   0.03341  0.009368   0.08299       198       640    0.8739    0.5721    0.7066    0.5394    0.4581   0.02886   0.03112   0.01128
      9/99     22.2G   0.03881   0.03228    0.0092   0.08029       205       640    0.8857    0.5841    0.7016    0.5609    0.4765   0.02863   0.02917   0.01036
     10/99     22.2G   0.03715   0.03159  0.008593   0.07733       164       640    0.8179    0.5344    0.6172    0.5098    0.4244   0.02884   0.03514   0.01573
     11/99     22.2G   0.03596   0.03076  0.008044   0.07476       266       640    0.9125     0.598    0.7477    0.6336    0.5327   0.02586   0.02551  0.008995
     12/99     22.2G     0.035   0.02939  0.007593   0.07198       218       640    0.8731    0.5829    0.6782    0.6109    0.5037   0.02486   0.02632  0.009866
     13/99     22.2G   0.03414   0.02904  0.007395   0.07058       188       640    0.7274    0.6247    0.5667    0.5164      0.42   0.02558    0.0292   0.02666
     14/99     22.2G   0.03301   0.02822  0.006952   0.06818       226       640    0.8608    0.6155    0.6612    0.6089    0.5106   0.02322   0.02503  0.009444
     15/99     22.2G   0.03255   0.02744  0.006717   0.06671       202       640    0.8528    0.5814    0.6625    0.6085    0.5089   0.02276   0.02339   0.01218
     16/99     22.2G   0.03216   0.02758   0.00671   0.06645       212       640     0.901    0.6207    0.7123    0.6644    0.5599   0.02185    0.0223  0.007938
     17/99     22.2G   0.03148   0.02703  0.006294    0.0648       150       640     0.912    0.6144    0.6985    0.6501    0.5462   0.02173   0.02162  0.008705
     18/99     22.2G   0.03101   0.02653  0.006009   0.06355       196       640     0.893    0.6312    0.6936    0.6526    0.5573   0.02093   0.02119  0.007569
     19/99     22.2G   0.03082   0.02598  0.006016   0.06283       141       640    0.8989    0.5976    0.6889    0.6512    0.5537   0.02046   0.02141   0.01138
     20/99     22.2G   0.03028   0.02573  0.005842   0.06185       154       640    0.8703    0.6162    0.6667    0.6338    0.5315   0.02108   0.02187  0.008717
     21/99     22.2G   0.02928   0.02492  0.005658   0.05986       166       640    0.9385    0.6358    0.7087    0.6699    0.5692   0.02057   0.02034   0.00649
     22/99     22.2G   0.02911   0.02482  0.005554   0.05948       162       640     0.936    0.6278    0.7135    0.6831    0.5894   0.01935    0.0195  0.006985
     23/99     22.2G   0.02904   0.02451  0.005475   0.05903       282       640    0.9181    0.6315    0.7072     0.674    0.5724   0.01963   0.01983  0.007141
     24/99     22.2G   0.02863   0.02452  0.005077   0.05823       183       640    0.9274    0.6415    0.7003    0.6798    0.5803   0.01931   0.01912  0.007246
     25/99     22.2G   0.02841   0.02401   0.00509   0.05751       157       640    0.8947    0.6173    0.6853    0.6615    0.5716   0.01873    0.0188   0.01035
     26/99     22.2G   0.02782   0.02416  0.005083   0.05707       237       640    0.9135    0.6511    0.7086    0.6791    0.5804   0.01946   0.01927  0.006453
     27/99     22.2G   0.02771   0.02383   0.00507   0.05661       211       640    0.9253    0.6402    0.7079    0.6876    0.5926   0.01858    0.0185  0.007745
     28/99     22.2G   0.02757   0.02329  0.004991   0.05585       209       640    0.9267    0.6542    0.7139    0.6963    0.6009   0.01825   0.01839  0.006515
     29/99     22.2G   0.02715   0.02326  0.004993    0.0554       180       640    0.9217    0.6529    0.7146    0.6952    0.6042   0.01805   0.01831  0.006073
     30/99     22.2G   0.02693   0.02319  0.004957   0.05507       133       640    0.9278    0.6535    0.7107    0.6949    0.6003   0.01835   0.01839  0.006216
     31/99     22.2G   0.02669   0.02306   0.00476   0.05451       244       640    0.9181    0.6465    0.7196    0.6992    0.6119       nan       nan       nan
     32/99     22.2G   0.02648   0.02303  0.004642   0.05415       334       640    0.9216    0.6637    0.7224    0.7031    0.6139   0.01773   0.01775  0.006742
     33/99     22.2G   0.02581   0.02247   0.00471   0.05299       177       640    0.8855    0.6198    0.6916    0.6781    0.5892   0.01781   0.01789   0.00724
     34/99     22.2G   0.02627   0.02249  0.004676   0.05344       209       640    0.8993    0.6593    0.7088    0.6931    0.6036   0.01768   0.01784  0.006609
     35/99     22.2G   0.02566   0.02267  0.004525   0.05285       195       640    0.9247    0.6488    0.7368    0.7222     0.631   0.01694    0.0169  0.007345
     36/99     22.2G   0.02525   0.02185   0.00448   0.05158       169       640    0.9348    0.6556    0.7206    0.7063    0.6186   0.01742    0.0173  0.005934
     37/99     22.2G   0.02546   0.02162  0.004336   0.05141       151       640    0.9322    0.6548     0.718    0.7011    0.6172    0.0171   0.01721  0.005856
     38/99     22.2G   0.02499   0.02141   0.00423   0.05063       263       640    0.9418    0.6573     0.731    0.7111    0.6313   0.01674   0.01674  0.005436
     39/99     22.2G   0.02485   0.02198  0.004223   0.05105       176       640    0.9341    0.6397    0.7383    0.7166     0.636   0.01667   0.01624  0.006519
     40/99     22.2G   0.02445   0.02095  0.004219   0.04962       190       640    0.9342    0.6638    0.7367    0.7213    0.6399   0.01659   0.01655  0.005452
     41/99     22.2G   0.02408   0.02104  0.004155   0.04928       191       640    0.9111    0.6566     0.726    0.7164    0.6313   0.01664   0.01651  0.006604
     42/99     22.2G   0.02456    0.0216  0.004168   0.05033       169       640     0.934    0.6651     0.732    0.7153    0.6337   0.01658   0.01633  0.005673
     43/99     22.2G   0.02397   0.02058  0.003909   0.04846       198       640    0.9352    0.6662     0.738    0.7262    0.6373   0.01649    0.0161  0.005283
     44/99     22.2G   0.02405   0.02078  0.004062   0.04889       277       640    0.9375    0.6621    0.7488    0.7327    0.6546   0.01611   0.01595  0.005749
     45/99     22.2G   0.02387   0.02075   0.00389   0.04851       246       640    0.9336    0.6608    0.7508    0.7417     0.662   0.01594   0.01582  0.005597
     46/99     22.2G   0.02374   0.02048  0.003906   0.04812       276       640      0.95    0.6619    0.7605    0.7416    0.6633    0.0162   0.01593  0.005157
     47/99     22.2G   0.02338   0.02044  0.003953   0.04777       166       640    0.9382    0.5644    0.6832    0.6653    0.5972       nan       nan       nan
     48/99     22.2G   0.02337   0.01991   0.00389   0.04717       163       640    0.9397    0.6452    0.7638    0.7498    0.6702   0.01606   0.01577  0.006565
     49/99     22.2G   0.02313   0.02022  0.003812   0.04716       172       640    0.9369    0.6522    0.7513    0.7422    0.6633   0.01587    0.0156   0.00575
     50/99     22.2G   0.02324   0.02042  0.003722   0.04738       141       640    0.9338    0.6701    0.7463    0.7378    0.6548   0.01588   0.01583   0.00509
     51/99     22.2G   0.02286   0.02025  0.003719   0.04682       193       640    0.9491    0.6664      0.78    0.7643    0.6864   0.01544   0.01511  0.005141
     52/99     22.2G   0.02315   0.01993  0.003509   0.04659       136       640    0.9259     0.647    0.7791    0.7522    0.6777   0.01558   0.01526  0.007802
     53/99     22.2G   0.02271   0.01981   0.00366   0.04618       205       640    0.9479    0.6528    0.7879    0.7781    0.6973       nan       nan       nan
     54/99     22.2G   0.02295   0.02012  0.003614   0.04668       179       640    0.9396    0.6561    0.7831    0.7754    0.6964   0.01528   0.01518  0.005898
     55/99     22.2G   0.02238   0.01965  0.003564    0.0456       194       640     0.726    0.8145    0.8168    0.8107    0.7248   0.01495   0.01468  0.005273
     56/99     22.2G   0.02249   0.01977  0.003511   0.04578       167       640     0.636    0.8126    0.7918    0.7828    0.6925       nan       nan       nan
     57/99     22.2G   0.02201   0.01917   0.00344   0.04463       192       640    0.9489    0.6714    0.8076    0.8014    0.7058   0.01508   0.01477  0.005143
     58/99     22.2G   0.02193   0.01932  0.003425   0.04468       253       640    0.9486    0.6637    0.7924    0.7852    0.7047   0.01486   0.01446  0.005602
     59/99     22.2G   0.02174    0.0192   0.00336    0.0443       174       640    0.6174    0.8348    0.7917    0.7851    0.7048   0.01457   0.01426   0.00503
     60/99     22.2G   0.02182   0.01924  0.003285   0.04434       146       640    0.6663     0.791    0.8114    0.8063     0.713   0.01503   0.01463  0.005279
     61/99     22.2G   0.02193   0.01939  0.003294   0.04462       170       640    0.6191    0.8354    0.8106    0.8041    0.7156   0.01481    0.0145  0.005269
     62/99     22.2G   0.02168   0.01912  0.003362   0.04417       146       640    0.9453     0.667    0.7839    0.7777     0.696   0.01493   0.01446  0.005561
     63/99     22.2G   0.02159   0.01917  0.003322   0.04408       155       640    0.7873    0.7762    0.8168    0.7816    0.7167   0.01465   0.01417  0.005393
     64/99     22.2G   0.02127   0.01841  0.003134   0.04281       192       640    0.7587     0.777    0.8097    0.8039    0.7189   0.01479   0.01419  0.005131
     65/99     22.2G   0.02109    0.0186  0.003212   0.04289       166       640    0.8002    0.7811    0.8257    0.8194    0.7379   0.01436   0.01396  0.005347
     66/99     22.2G   0.02097   0.01837  0.003131   0.04247       178       640     0.749    0.7802    0.8179    0.8122    0.7248   0.01466   0.01417   0.00512
     67/99     22.2G   0.02082   0.01856  0.003137   0.04251       221       640    0.7638    0.7704       0.8     0.796    0.7168   0.01463   0.01412  0.005956
     68/99     22.2G   0.02078   0.01826  0.003075   0.04211       194       640    0.7573    0.8009    0.8171     0.813      0.73   0.01466   0.01416   0.00492
     69/99     22.2G   0.02076   0.01829  0.003015   0.04207       186       640    0.7329    0.7969    0.8095    0.8038    0.7258   0.01431    0.0138  0.005038
     70/99     22.2G   0.02048   0.01806  0.003049   0.04158       162       640    0.7035    0.8051    0.7877     0.783    0.7173   0.01408   0.01351  0.004776
     71/99     22.2G   0.02044   0.01789  0.003049   0.04138       152       640    0.7908    0.7646    0.8102    0.8047    0.7191   0.01426   0.01371   0.00488
     72/99     22.2G   0.02044   0.01822    0.0029   0.04156       187       640    0.7058     0.796    0.7983    0.7924    0.7182       nan       nan       nan
     73/99     22.2G   0.02008    0.0174  0.002987   0.04047       178       640    0.8084     0.762    0.8179    0.8132    0.7427   0.01382   0.01334  0.005209
     74/99     22.2G      0.02   0.01765  0.002985   0.04063       212       640    0.8607    0.7496    0.8188    0.8135    0.7365   0.01383    0.0134  0.005718
     75/99     22.2G   0.02034    0.0178  0.003037   0.04117       229       640     0.875    0.7536    0.8252    0.8192    0.7401   0.01386   0.01348  0.005236
     76/99     22.2G   0.02013   0.01774  0.003018   0.04089       245       640     0.798    0.7898    0.8234    0.7782    0.7253   0.01394    0.0133  0.005222
     77/99     22.2G   0.02007   0.01734  0.002885   0.04029       160       640    0.7544    0.7795    0.7939    0.7897    0.7139   0.01376   0.01324  0.005039
     78/99     22.2G   0.01995   0.01752  0.002901   0.04037       194       640    0.8015    0.7855    0.8203    0.8172    0.7392   0.01389    0.0133  0.005406
     79/99     22.2G   0.01985   0.01748   0.00279   0.04012       149       640    0.8826    0.7827    0.8223    0.8182      0.74   0.01405   0.01346  0.005529
     80/99     22.2G   0.01974   0.01733  0.002899   0.03997       160       640    0.8711    0.7766    0.8291    0.8248    0.7529   0.01399   0.01335     0.005
     81/99     22.2G   0.01948   0.01702  0.002852   0.03935       217       640    0.8673    0.7758    0.8196    0.8151    0.7467    0.0138   0.01316  0.005652
     82/99     22.2G   0.01918   0.01683  0.002707   0.03871       232       640    0.9281    0.7557    0.8192     0.813    0.7397   0.01392   0.01337  0.005255
     83/99     22.2G   0.01952   0.01711  0.002853   0.03948       307       640     0.871     0.782    0.8214    0.8169    0.7422       nan       nan       nan
     84/99     22.2G   0.01916   0.01663  0.002675   0.03847       200       640    0.9352    0.7413    0.8306    0.8263    0.7481       nan       nan       nan
     85/99     22.2G   0.01935   0.01692  0.002793   0.03906        81       640     0.862    0.7954    0.8393     0.836    0.7528    0.0136   0.01304  0.005114
     86/99     22.2G   0.01926   0.01701  0.002821   0.03909       188       640     0.867     0.792    0.8402     0.837    0.7445   0.01378   0.01314  0.005233
     87/99     22.2G   0.01917   0.01649  0.002717   0.03839       189       640    0.8218     0.803     0.835    0.8308    0.7511   0.01384   0.01324  0.004787
     88/99     22.2G   0.01927   0.01682  0.002706    0.0388       158       640    0.8455    0.7943    0.8335    0.8302    0.7547   0.01345   0.01274  0.004852
     89/99     22.2G     0.019   0.01638  0.002653   0.03803       153       640    0.8829    0.7954    0.8401    0.8343    0.7559   0.01383   0.01312  0.005782
     90/99     22.2G   0.01875   0.01651  0.002494   0.03775       219       640     0.944    0.7665    0.8426    0.8396    0.7628       nan       nan       nan
     91/99     22.2G   0.01857   0.01621  0.002551   0.03733       194       640    0.9301    0.7706     0.839    0.8358    0.7529       nan       nan       nan
     92/99     22.2G   0.01917    0.0171  0.003774   0.04005       167       640     0.895    0.7697    0.8255      0.82    0.7545   0.01353   0.01286  0.005068
     93/99     22.2G   0.01938   0.01714  0.003342   0.03987       232       640    0.8595    0.7792    0.8184    0.8131    0.7528   0.01316   0.01255  0.004607
     94/99     22.2G   0.01936   0.01714  0.002989   0.03949       140       640    0.8881    0.7871    0.8171    0.8134    0.7419   0.01358   0.01291   0.00471
     95/99     22.2G   0.01928    0.0172  0.002929   0.03941       181       640    0.8943    0.7812    0.8351    0.8311    0.7521   0.01375   0.01309   0.00492
     96/99     22.2G   0.01895    0.0168  0.002899   0.03865       170       640    0.8717    0.7697    0.8293    0.8238    0.7542   0.01371   0.01304  0.005055
     97/99     22.2G   0.01882   0.01631  0.002845   0.03798       160       640    0.8561    0.7865    0.8233    0.8184    0.7483   0.01344   0.01277  0.004498
     98/99     22.2G   0.01881   0.01647  0.002834   0.03811       175       640    0.8776     0.759    0.8108    0.8052    0.7419   0.01338   0.01271  0.004757
     99/99     22.2G   0.01871   0.01623  0.002784   0.03772       188       640    0.7556     0.831    0.8126    0.8086    0.7617   0.01234   0.01176  0.005485
