      0/99     17.9G    0.1041   0.07848   0.03466    0.2172       190       640  0.001095   0.01108 0.0001785 7.939e-07 2.993e-05   0.09679   0.07796   0.03345
      1/99     23.5G   0.09988   0.07404   0.02738    0.2013        99       640   0.01156    0.1124   0.00109 2.339e-06   0.00017   0.09783    0.2026   0.03237
      2/99     23.5G   0.08409   0.05712   0.02251    0.1637       125       640    0.3677    0.1983    0.1069    0.0014   0.02368   0.07791    0.1196    0.0216
      3/99     23.5G   0.07375   0.05179   0.01825    0.1438        75       640    0.3761    0.1167   0.07142  0.006926   0.02174    0.0796    0.2908   0.02574
      4/99     23.5G   0.06485   0.04665   0.01599    0.1275       106       640    0.4636    0.1405     0.124   0.01333    0.0422   0.07864    0.3721   0.03073
      5/99     23.5G   0.05804   0.04371   0.01458    0.1163       144       640    0.6653     0.465    0.4504    0.1727    0.2157   0.04472   0.04261   0.01433
      6/99     23.5G   0.05257   0.04033   0.01284    0.1057       154       640    0.7485    0.4513    0.4954    0.2692    0.2691   0.04038   0.04931   0.01568
      7/99     23.5G   0.04713   0.03741   0.01146     0.096        92       640    0.7929    0.4747    0.5686    0.3507    0.3328   0.03531   0.03399   0.01766
      8/99     23.5G   0.04336   0.03506   0.01009   0.08851       120       640    0.8645    0.5531    0.6802    0.5033    0.4347   0.03109    0.0304   0.01047
      9/99     23.5G   0.04057   0.03303   0.00898   0.08258       107       640    0.8012    0.5704    0.6281    0.5015    0.4168   0.02951   0.02932   0.01195
     10/99     23.5G   0.03849   0.03182  0.008635   0.07894        99       640    0.8519    0.5638    0.6393    0.5352    0.4453   0.02845   0.03001    0.0117
     11/99     23.5G   0.03688   0.03128  0.008023   0.07618       127       640    0.8785    0.5853    0.7157    0.6223    0.5261   0.02698   0.02578  0.009685
     12/99     23.5G   0.03618   0.03027  0.007689   0.07414       171       640    0.8227    0.5787    0.6741    0.5798    0.4925   0.02464   0.02553   0.01124
     13/99     23.5G   0.03452   0.02898   0.00739   0.07089       120       640    0.7357    0.5777    0.5992    0.5233    0.4348   0.02625   0.02903   0.01789
     14/99     23.5G   0.03413    0.0287  0.007119   0.06995       153       640    0.8809    0.5478    0.6167    0.5333    0.4433   0.02811   0.03065  0.009345
     15/99     23.5G    0.0328   0.02784  0.006926   0.06756       149       640    0.8822    0.5735    0.6751    0.6223    0.5196   0.02287   0.02433   0.01133
     16/99     23.5G   0.03251   0.02796   0.00652   0.06699       128       640    0.9082    0.6022    0.6865    0.6379    0.5382    0.0221   0.02257  0.007842
     17/99     23.5G   0.03189   0.02677  0.006179   0.06484       125       640    0.8387    0.6139    0.6656    0.6204    0.5163   0.02215   0.02209  0.008863
     18/99     23.5G   0.03078   0.02654  0.006015   0.06333        84       640    0.8647    0.5752    0.6642    0.6027    0.5029   0.02259   0.02262    0.0152
     19/99     23.5G   0.03081   0.02625  0.005807   0.06288       167       640    0.8888    0.6105    0.6739     0.643    0.5419   0.02094   0.02131  0.007934
     20/99     23.5G   0.02978   0.02561  0.005705    0.0611       138       640     0.885    0.6249    0.6813    0.6361    0.5442   0.02015   0.02019  0.009146
     21/99     23.5G   0.02937   0.02535  0.005587   0.06031       154       640    0.9119     0.652    0.6971    0.6716     0.565   0.02055   0.02012  0.006365
     22/99     23.5G    0.0292   0.02486  0.005396   0.05945       135       640    0.9058    0.6307    0.6985    0.6759    0.5739   0.01937   0.01953  0.007695
     23/99     23.5G   0.02893   0.02467  0.005311   0.05891       108       640    0.9135    0.6423    0.6972    0.6683    0.5752   0.01955    0.0191  0.006555
     24/99     23.5G    0.0289   0.02467  0.005494   0.05907       139       640    0.9196    0.6282    0.6955    0.6655    0.5687   0.01968   0.02148  0.007225
     25/99     23.5G   0.02832   0.02411  0.005194   0.05763       122       640    0.8961    0.6171     0.666    0.6394    0.5496   0.01963   0.01963  0.007671
     26/99     23.5G   0.02782   0.02409  0.005077   0.05698       157       640    0.8874    0.6422    0.6998    0.6793    0.5797   0.01872   0.01835  0.008796
     27/99     23.5G   0.02715   0.02283   0.00517   0.05516       116       640    0.8973    0.6056     0.691    0.6662    0.5729   0.01888   0.01851  0.009641
     28/99     23.5G   0.02756   0.02343   0.00499   0.05599       165       640    0.9145    0.6375     0.695    0.6807     0.585   0.01839   0.01794  0.006647
     29/99     23.5G   0.02709   0.02345  0.004919   0.05546       129       640    0.8603    0.6411    0.6523    0.6375    0.5519   0.01822   0.01928  0.007672
     30/99     23.5G   0.02653   0.02294  0.004974   0.05445       143       640    0.8797    0.6423    0.6863    0.6727    0.5858    0.0173    0.0171  0.007842
     31/99     23.5G   0.02629   0.02238  0.004644   0.05332        71       640    0.9367    0.6552    0.7061    0.6899    0.5965   0.01798   0.01783  0.005799
     32/99     23.5G    0.0266   0.02311  0.004675   0.05438       142       640    0.9322    0.6386    0.7094     0.693    0.6034   0.01748    0.0171   0.00624
     33/99     23.5G   0.02619   0.02258  0.004506   0.05327       144       640    0.9339    0.6499    0.7041    0.6925    0.6071   0.01723    0.0171  0.005883
     34/99     23.5G   0.02582   0.02204   0.00453   0.05239       165       640    0.9206    0.6479    0.7004    0.6857    0.6023   0.01695   0.01683  0.006415
     35/99     23.5G   0.02555   0.02217  0.004295   0.05201       140       640    0.9215    0.6544    0.7032    0.6906    0.6066   0.01709    0.0175   0.00593
     36/99     23.5G   0.02497   0.02141  0.004445   0.05082        94       640    0.9284    0.6473    0.7206     0.711    0.6194   0.01699    0.0162  0.006498
     37/99     23.5G   0.02517   0.02175  0.004253   0.05117       121       640     0.908    0.6611    0.7059    0.6906    0.6026   0.01723   0.01735   0.00612
     38/99     23.5G   0.02483   0.02101  0.004289   0.05012       165       640    0.9292    0.6575    0.7117    0.7006    0.6121   0.01656   0.01611  0.006065
     39/99     23.5G   0.02469   0.02124  0.004197   0.05013        89       640    0.9202    0.6499    0.6943    0.6818    0.5976    0.0171   0.01698  0.006662
     40/99     23.5G   0.02484   0.02158  0.004191   0.05061       128       640    0.9092    0.6443    0.6899    0.6804    0.5958   0.01683    0.0168  0.006435
     41/99     23.5G   0.02433    0.0213  0.004023   0.04966       146       640    0.9294    0.6435    0.7265    0.7182    0.6325    0.0165   0.01591  0.006172
     42/99     23.5G   0.02436   0.02107  0.004137   0.04956       155       640    0.8871    0.6227    0.6743    0.6602    0.5892   0.01615   0.01621  0.007492
     43/99     23.5G   0.02427    0.0213  0.003985   0.04955        98       640     0.939    0.6577    0.7163    0.7059    0.6224   0.01638   0.01602  0.005474
     44/99     23.5G   0.02353   0.02035  0.003879   0.04776       110       640    0.9243    0.6531    0.7187    0.7055    0.6201   0.01638   0.01593  0.006333
     45/99     23.5G   0.02413   0.02109  0.003999   0.04922       136       640    0.9373    0.6392     0.716    0.7053    0.6313   0.01557   0.01524  0.006509
     46/99     23.5G   0.02351   0.02054  0.003917   0.04797       102       640    0.9383    0.6537    0.7145    0.7062    0.6228   0.01619   0.01603  0.005357
     47/99     23.5G   0.02353   0.02035  0.003658   0.04753       152       640    0.9326    0.6484    0.7283    0.7176     0.642   0.01563   0.01521  0.006216
     48/99     23.5G   0.02313   0.01995   0.00381   0.04689       143       640    0.9281    0.6681    0.7306    0.7245    0.6467   0.01544   0.01512  0.005162
     49/99     23.5G   0.02326   0.02029  0.003806   0.04736       168       640    0.9324    0.6563    0.7337    0.7248    0.6421   0.01578   0.01525  0.005995
     50/99     23.5G   0.02302   0.01975  0.003718   0.04649       146       640    0.9323    0.6566    0.7257    0.7173    0.6355   0.01549   0.01487  0.006061
     51/99     23.5G   0.02307   0.02008  0.003671   0.04682       142       640    0.9377    0.6478     0.746    0.7321    0.6572   0.01564   0.01523  0.005945
     52/99     23.5G   0.02273   0.02006  0.003705    0.0465        77       640    0.9294    0.6516    0.7499    0.7418    0.6623    0.0152   0.01474  0.006275
     53/99     23.5G   0.02245   0.01939  0.003543   0.04538       137       640     0.952    0.6523    0.7377    0.7315    0.6597   0.01481   0.01435  0.004988
     54/99     23.5G   0.02235    0.0194  0.003475   0.04523       195       640    0.5692    0.8024    0.7693    0.7602    0.6828   0.01505   0.01462  0.008959
     55/99     23.5G   0.02216    0.0192   0.00357   0.04494       146       640    0.8905    0.6585    0.7616    0.7552     0.668   0.01525   0.01454  0.006982
     56/99     23.5G   0.02222    0.0194  0.003568    0.0452       103       640    0.9322    0.6547     0.743    0.7368    0.6608   0.01486   0.01433  0.005806
     57/99     23.5G   0.02187   0.01933    0.0035    0.0447       111       640    0.9297    0.6807    0.7522    0.7465    0.6673   0.01502   0.01436  0.004725
     58/99     23.5G   0.02171   0.01905  0.003268   0.04402       142       640    0.9265    0.6783    0.7612    0.7555    0.6791    0.0149   0.01428  0.004994
     59/99     23.5G   0.02179   0.01941  0.003529   0.04472       178       640    0.6149     0.781    0.7755    0.7689    0.6954    0.0146   0.01398  0.006162
     60/99     23.5G   0.02149    0.0186  0.003305   0.04339       164       640    0.6852    0.7882     0.789    0.7824    0.7012   0.01493   0.01439  0.005475
     61/99     23.5G   0.02163   0.01883  0.003239    0.0437       146       640    0.9478    0.6472     0.746    0.7333    0.6621   0.01483   0.01429  0.005417
     62/99     23.5G   0.02142   0.01872  0.003138   0.04328       110       640    0.9484    0.6629    0.7409    0.7363    0.6636   0.01453   0.01397  0.005051
     63/99     23.5G    0.0214   0.01878  0.003109   0.04329       121       640     0.636    0.7813    0.7598     0.756    0.6809   0.01468   0.01405  0.004987
     64/99     23.5G   0.02099   0.01851  0.003098    0.0426       186       640    0.9497    0.6644    0.7435    0.7381    0.6654   0.01458   0.01387  0.004735
     65/99     23.5G   0.02108   0.01833  0.003138   0.04254       154       640    0.6376    0.7986     0.772    0.7668    0.6962   0.01444   0.01372  0.005806
     66/99     23.5G   0.02122   0.01845   0.00306   0.04273       164       640    0.6448    0.7987     0.761    0.7566    0.6825   0.01451   0.01394  0.005026
     67/99     23.5G   0.02124   0.01845  0.003027   0.04272       132       640    0.7927    0.7662    0.7968    0.7918    0.7072   0.01456   0.01394   0.00546
     68/99     23.5G    0.0208   0.01802  0.002908   0.04173       163       640    0.8126    0.7476    0.7829    0.7782    0.7024   0.01427   0.01373  0.005067
     69/99     23.5G   0.02068   0.01827   0.00303   0.04198       156       640    0.6872     0.815    0.7814    0.7778    0.6997   0.01444    0.0138  0.004965
     70/99     23.5G   0.02055   0.01777  0.002971   0.04129        94       640    0.6925    0.7458    0.7428     0.739    0.6676    0.0142   0.01359  0.005098
     71/99     23.5G   0.02054   0.01809  0.003057   0.04169        98       640    0.7173    0.7873     0.767    0.7633    0.6876    0.0146   0.01387  0.005129
     72/99     23.5G   0.02044   0.01776  0.002874   0.04108       127       640    0.8034    0.7463    0.7921    0.7889    0.7143   0.01412   0.01346  0.004621
     73/99     23.5G   0.02029   0.01802  0.002862   0.04117       163       640    0.9207    0.7271    0.8007    0.7966    0.7139   0.01458   0.01382  0.005297
     74/99     23.5G   0.02019   0.01773  0.002892   0.04082        94       640    0.8548    0.7344    0.7998     0.795    0.7201   0.01427   0.01354  0.004798
     75/99     23.5G   0.02003    0.0173  0.002833   0.04016       119       640     0.795    0.7417    0.7653    0.7597    0.6885   0.01433   0.01365  0.004851
     76/99     23.5G   0.02006   0.01773  0.002778   0.04057       107       640    0.7798    0.7739    0.7935    0.7886    0.7197   0.01391   0.01319  0.005343
     77/99     23.5G   0.01993    0.0175  0.002758   0.04018       101       640    0.7705     0.772    0.8005    0.7955    0.7144   0.01416   0.01335  0.005165
     78/99     23.5G   0.01991   0.01741   0.00267      0.04       134       640    0.8414     0.718    0.7719    0.7678    0.6925    0.0142   0.01345  0.005512
     79/99     23.5G   0.01972   0.01741   0.00275   0.03988       121       640    0.8066    0.7162    0.7603     0.757    0.6817   0.01425   0.01351   0.00535
     80/99     23.5G   0.01993   0.01753  0.002777   0.04023       103       640    0.7844    0.7453    0.7624     0.758    0.6885   0.01405    0.0133  0.005218
     81/99     23.5G   0.01962   0.01743  0.002738   0.03979       100       640    0.7702    0.7381    0.7498     0.745    0.6791   0.01391   0.01317  0.005058
     82/99     23.5G   0.01977   0.01737  0.002733   0.03987       127       640    0.7688    0.7552    0.7581    0.7528    0.6849    0.0138   0.01301  0.005238
     83/99     23.5G   0.01981   0.01724  0.002677   0.03973       153       640    0.6941    0.7315    0.7285    0.7235     0.663   0.01386   0.01306  0.005044
     84/99     23.5G   0.01958   0.01708  0.002584   0.03924       162       640    0.6898    0.7689     0.738    0.7343    0.6668   0.01402   0.01322  0.005312
     85/99     23.5G   0.01966   0.01727  0.002594   0.03952       119       640    0.6264    0.7743    0.7326    0.7201    0.6594   0.01388   0.01306  0.005439
     86/99     23.5G   0.01932   0.01688  0.002622   0.03882        96       640    0.7333    0.7193      0.74    0.7366    0.6764   0.01362   0.01283  0.004746
     87/99     23.5G   0.01963   0.01742    0.0026   0.03966       149       640    0.7653    0.7767    0.7504    0.7459    0.6813   0.01388   0.01318  0.005153
     88/99     23.5G   0.01934   0.01697  0.002551   0.03886       119       640    0.7542    0.7815    0.7609    0.7571    0.6889   0.01376   0.01293  0.005207
     89/99     23.5G   0.01945   0.01704  0.002462   0.03894        84       640    0.7417    0.7503    0.7668    0.7635    0.6939   0.01372   0.01292  0.005472
     90/99     23.5G   0.01929    0.0167  0.002472   0.03846       154       640    0.7726    0.7701    0.7905    0.7866    0.7134   0.01385   0.01299  0.005539
     91/99     23.5G   0.01918   0.01689  0.002524   0.03859        99       640     0.805    0.7281    0.7668     0.762    0.6904   0.01368   0.01289  0.005349
     92/99     23.5G   0.01938   0.01684  0.002542   0.03877       124       640    0.8097    0.7145    0.7519    0.7471    0.6836   0.01367    0.0129  0.005365
     93/99     23.5G   0.01914    0.0166  0.002352   0.03809       148       640    0.7945    0.7376    0.7566    0.7523    0.6867   0.01363   0.01285  0.005123
     94/99     23.5G   0.01918   0.01649  0.002441   0.03811       147       640    0.7709    0.7805    0.7853    0.7813    0.7067   0.01366   0.01284  0.005401
     95/99     23.5G   0.01896    0.0166  0.002379   0.03795        93       640    0.7781    0.7569    0.7823    0.7772    0.7085   0.01356   0.01273  0.005409
     96/99     23.5G    0.0189   0.01607  0.002379   0.03735       125       640    0.8813    0.7104    0.7769    0.7726    0.6995    0.0136   0.01273  0.004983
     97/99     23.5G    0.0191   0.01702  0.002431   0.03855       169       640    0.7395    0.7992    0.7895    0.7849    0.7159   0.01356   0.01266  0.005168
     98/99     23.5G   0.01911   0.01644  0.002442   0.03799        98       640     0.732    0.7854    0.7856    0.7819    0.7158   0.01339   0.01257  0.005578
     99/99     23.5G   0.01889   0.01633  0.002345   0.03757       109       640    0.7593    0.7918    0.7753    0.7717    0.7034   0.01357   0.01275  0.005245
