      0/99     7.74G   0.08008   0.04004         0    0.1201         7       640    0.6368     0.585    0.6039   0.08162    0.2036    0.0537   0.02344         0
      1/99     9.14G   0.05703   0.03012         0   0.08715         3       640    0.8171    0.6791    0.7769     0.281    0.3581   0.04537   0.02052         0
      2/99     10.6G   0.05072   0.02739         0    0.0781         6       640    0.8392    0.7496    0.8413    0.3154    0.4013   0.04121   0.01838         0
      3/99     10.6G   0.04496   0.02501         0   0.06997         7       640    0.9007    0.8205    0.8994    0.5067    0.4997    0.0367   0.01526         0
      4/99     10.6G   0.04126   0.02375         0   0.06501         3       640    0.8985    0.8347    0.9062    0.5578     0.531   0.03493   0.01517         0
      5/99     10.6G   0.03902   0.02272         0   0.06174         3       640    0.9293    0.8402    0.9213    0.5872    0.5499   0.03405   0.01463         0
      6/99     10.6G   0.03801   0.02234         0   0.06035         9       640      0.92    0.8701     0.936     0.625    0.5699   0.03272   0.01378         0
      7/99     10.6G   0.03712   0.02175         0   0.05887        11       640    0.9258    0.8681    0.9308    0.6331    0.5756   0.03351   0.01426         0
      8/99     10.6G   0.03621   0.02163         0   0.05785         1       640    0.9436    0.8852    0.9475    0.6391    0.5814   0.03233   0.01327         0
      9/99     10.6G   0.03575   0.02105         0    0.0568         3       640    0.9461    0.8756    0.9425    0.6456    0.5852     0.032   0.01367         0
     10/99     10.6G   0.03533   0.02103         0   0.05636        10       640    0.9388    0.8875    0.9475    0.6426    0.5877   0.03214   0.01327         0
     11/99     10.6G   0.03492   0.02094         0   0.05586         3       640    0.9475    0.8932    0.9515    0.6771    0.6052   0.03031   0.01281         0
     12/99     10.6G   0.03469   0.02071         0    0.0554         3       640     0.941    0.8955    0.9515    0.6773     0.608   0.03025   0.01301         0
     13/99     10.6G   0.03385   0.02061         0   0.05446        12       640    0.9436    0.8935    0.9534     0.669     0.599   0.03118   0.01276         0
     14/99     10.6G   0.03362   0.02045         0   0.05407         3       640    0.9411    0.9005    0.9548    0.6635    0.6017   0.03112   0.01261         0
     15/99     10.6G   0.03329   0.02022         0    0.0535         4       640    0.9409    0.9102    0.9563    0.6788    0.6096    0.0302   0.01268         0
     16/99     10.6G   0.03326   0.02011         0   0.05337         5       640    0.9475    0.9098    0.9594    0.6918    0.6184   0.02992   0.01251         0
     17/99     10.6G   0.03301   0.01999         0     0.053         2       640     0.952    0.9106    0.9625    0.6952    0.6224   0.02947   0.01234         0
     18/99     10.6G   0.03265   0.02004         0   0.05269         5       640    0.9487    0.8995    0.9589    0.6718    0.6089   0.03032   0.01265         0
     19/99     10.6G   0.03254   0.01977         0   0.05231         4       640    0.9503     0.904    0.9576    0.6738    0.6076   0.03018   0.01243         0
     20/99     10.6G    0.0322   0.01975         0   0.05194         8       640    0.9487    0.9017    0.9604     0.694     0.617   0.02958    0.0123         0
     21/99     10.6G   0.03211   0.01983         0   0.05194         3       640    0.9498    0.9001    0.9578    0.6651     0.602   0.02994   0.01268         0
     22/99     10.6G   0.03191   0.01969         0    0.0516         7       640    0.9374    0.8921    0.9518    0.6645    0.5999   0.03025   0.01279         0
     23/99     10.6G   0.03156   0.01952         0   0.05108        12       640    0.9425    0.9096    0.9594    0.6774    0.6095   0.02965   0.01253         0
     24/99     10.6G   0.03136    0.0194         0   0.05077         8       640    0.9424    0.9159    0.9602    0.6948    0.6173   0.02914   0.01241         0
     25/99     10.6G   0.03155   0.01935         0    0.0509         3       640    0.9491    0.9105    0.9621    0.6942      0.62     0.029   0.01227         0
     26/99     10.6G   0.03134   0.01945         0   0.05079         7       640    0.9495    0.9193    0.9665    0.6941    0.6224   0.02911   0.01217         0
     27/99     10.6G   0.03126    0.0193         0   0.05056         6       640    0.9466    0.9178    0.9641    0.6986    0.6258   0.02889   0.01213         0
     28/99     10.6G   0.03102   0.01931         0   0.05033         0       640     0.948    0.9235    0.9669    0.7103    0.6288   0.02858   0.01197         0
     29/99     10.6G   0.03074   0.01905         0   0.04979         2       640    0.9435    0.9156    0.9623    0.7007    0.6301   0.02862   0.01199         0
     30/99     10.6G   0.03068   0.01906         0   0.04974         7       640    0.9469    0.9156    0.9645       0.7    0.6208   0.02865   0.01217         0
     31/99     10.6G   0.03064     0.019         0   0.04964         2       640    0.9454      0.91    0.9628    0.7063    0.6255   0.02859   0.01215         0
     32/99     10.6G   0.03042     0.019         0   0.04943         2       640    0.9527    0.9143    0.9639    0.7014    0.6262   0.02855   0.01212         0
     33/99     10.6G   0.03038   0.01909         0   0.04948         6       640    0.9491    0.9204     0.969    0.7045    0.6277   0.02843   0.01192         0
     34/99     10.6G   0.03024   0.01877         0   0.04902         6       640    0.9591    0.9137    0.9664    0.7041    0.6256   0.02813   0.01194         0
     35/99     10.6G   0.03015   0.01885         0   0.04901         3       640     0.954     0.908    0.9621    0.6873    0.6171    0.0288   0.01218         0
     36/99     10.6G   0.02998   0.01886         0   0.04883         9       640    0.9528    0.9203    0.9656    0.7178    0.6325   0.02803   0.01191         0
     37/99     10.6G   0.02994   0.01872         0   0.04866         2       640    0.9494    0.9168    0.9655    0.7139    0.6312   0.02814   0.01187         0
     38/99     10.6G   0.02989   0.01863         0   0.04852         1       640    0.9509    0.9168    0.9662    0.7077    0.6332   0.02802   0.01185         0
     39/99     10.6G   0.02968   0.01861         0   0.04829         3       640    0.9505    0.9183    0.9652    0.6989    0.6246   0.02814   0.01197         0
     40/99     10.6G    0.0295   0.01842         0   0.04792         0       640    0.9568    0.9178    0.9686    0.6982     0.624   0.02828   0.01193         0
     41/99     10.6G   0.02968   0.01876         0   0.04844         2       640    0.9501    0.9187     0.967    0.7113    0.6312   0.02798   0.01186         0
     42/99     10.6G   0.02931   0.01838         0    0.0477         2       640    0.9475    0.9201    0.9676    0.7084    0.6339   0.02789   0.01186         0
     43/99     10.6G   0.02932    0.0183         0   0.04762         6       640    0.9558    0.9183    0.9696    0.7213     0.638   0.02757   0.01167         0
     44/99     10.6G   0.02905   0.01833         0   0.04738         7       640    0.9496    0.9247    0.9684    0.7135    0.6326   0.02779   0.01179         0
     45/99     10.6G   0.02918   0.01842         0    0.0476         8       640    0.9499    0.9225    0.9673    0.7011    0.6274   0.02779   0.01188         0
     46/99     10.6G   0.02892   0.01825         0   0.04717         6       640    0.9511    0.9216    0.9688    0.7115    0.6294   0.02783   0.01181         0
     47/99     10.6G   0.02908   0.01838         0   0.04746         7       640    0.9462    0.9257    0.9697    0.7118      0.63   0.02781   0.01175         0
     48/99     10.6G   0.02877   0.01828         0   0.04704         5       640    0.9578    0.9189    0.9686    0.7141    0.6304   0.02791   0.01174         0
     49/99     10.6G   0.02865   0.01812         0   0.04678         3       640    0.9549    0.9154    0.9686     0.723     0.639   0.02741   0.01168         0
     50/99     10.6G   0.02867   0.01801         0   0.04668         2       640    0.9527     0.917    0.9676    0.7208     0.641   0.02739   0.01171         0
     51/99     10.6G   0.02873   0.01814         0   0.04687         8       640    0.9571    0.9154    0.9672    0.7145    0.6347   0.02769   0.01176         0
     52/99     10.6G   0.02845   0.01803         0   0.04648         7       640    0.9532    0.9173     0.967    0.7153    0.6326   0.02766    0.0118         0
     53/99     10.6G   0.02838   0.01794         0   0.04632         3       640    0.9517    0.9212    0.9675    0.7211     0.635    0.0275   0.01179         0
     54/99     10.6G   0.02808   0.01775         0   0.04583         0       640    0.9496    0.9249    0.9687    0.7201    0.6374   0.02733   0.01177         0
     55/99     10.6G   0.02815   0.01788         0   0.04603         3       640    0.9543    0.9174    0.9675    0.7272     0.639   0.02736   0.01178         0
     56/99     10.6G   0.02806   0.01784         0    0.0459         8       640    0.9571    0.9193    0.9687    0.7272    0.6408   0.02728   0.01173         0
     57/99     10.6G   0.02797   0.01787         0   0.04583         3       640    0.9528    0.9185    0.9674    0.7264    0.6405   0.02727   0.01175         0
     58/99     10.6G    0.0278   0.01767         0   0.04547         6       640    0.9497    0.9199    0.9678     0.725    0.6401   0.02727   0.01178         0
     59/99     10.6G   0.02771   0.01752         0   0.04523         2       640     0.949    0.9187    0.9665    0.7194    0.6389   0.02744   0.01184         0
     60/99     10.6G   0.02771   0.01756         0   0.04528         1       640    0.9509    0.9159    0.9656    0.7177    0.6385   0.02751   0.01184         0

