      0/99     19.8G    0.1037   0.07434   0.03353    0.2116       233       640    0.2505  0.003469 5.313e-05 8.759e-08 8.408e-06    0.1124    0.4286    0.0459
      1/99       23G   0.08647   0.05879   0.02328    0.1685       135       640    0.5684     0.116   0.08292 0.0009115   0.01632   0.07568   0.09613   0.03025
      2/99       23G   0.07256   0.04951   0.01854    0.1406       143       640    0.4658    0.2745    0.2231   0.04681   0.08793   0.06101   0.07964    0.0202
      3/99       23G   0.06345   0.04591   0.01691    0.1263       126       640    0.6239    0.3745    0.3498   0.07408    0.1414   0.05055   0.06872   0.01895
      4/99       23G   0.05404   0.04167   0.01402    0.1097       217       640    0.7679    0.5059    0.5422     0.266    0.2829   0.04173   0.04699   0.01295
      5/99       23G   0.04896   0.03864   0.01225   0.09985       177       640    0.8472    0.5266    0.6219    0.3303    0.3477   0.03693   0.03469   0.01288
      6/99       23G   0.04488   0.03587   0.01078   0.09154       195       640    0.8402    0.4937    0.5621    0.3726    0.3379   0.03735   0.05261   0.01409
      7/99       23G   0.04158   0.03384    0.0099   0.08531       185       640    0.8866    0.5767    0.7122    0.5268     0.453   0.02994   0.03251  0.009591
      8/99       23G   0.03996    0.0328  0.009106   0.08187       198       640    0.8802    0.5855    0.6761    0.5883    0.4885   0.02723   0.02744   0.00973
      9/99       23G   0.03869    0.0317  0.008806   0.07919       205       640    0.8531    0.5858     0.723    0.6037    0.5066   0.02673   0.02715   0.01048
     10/99       23G   0.03715   0.03108  0.008144   0.07637       164       640    0.8717    0.6052    0.7501    0.5943    0.5063   0.02637   0.02609  0.009691
     11/99       23G   0.03511   0.02994  0.007785   0.07284       266       640    0.9107    0.5958    0.7099    0.6351    0.5222   0.02577   0.02446  0.009121
     12/99       23G   0.03519   0.02896  0.007387   0.07154       218       640    0.9102    0.5861    0.7189     0.659    0.5341   0.02423   0.02437  0.009827
     13/99       23G   0.03395   0.02856  0.007032   0.06955       188       640    0.7568     0.618      0.58    0.5278    0.4333   0.02553   0.02596   0.01559
     14/99       23G   0.03294   0.02776  0.006741   0.06745       226       640    0.8598    0.6115    0.6912    0.6406    0.5321   0.02281   0.02229   0.01029
     15/99       23G   0.03237   0.02706   0.00658   0.06601       202       640    0.8878    0.6089      0.69    0.6417      0.53   0.02294   0.02289  0.008503
     16/99       23G   0.03195   0.02722  0.006522    0.0657       212       640    0.8374    0.5943    0.6781     0.631    0.5317   0.02225   0.02259    0.0114
     17/99       23G   0.03099   0.02658  0.006103   0.06367       150       640    0.7691    0.6142     0.593    0.5529    0.4588   0.02341   0.02583   0.01808
     18/99       23G   0.03099   0.02617  0.005982   0.06314       196       640    0.9108    0.6374    0.7068    0.6716    0.5679   0.02019      0.02  0.007642
     19/99       23G   0.03066   0.02554  0.005819   0.06202       141       640    0.8563    0.6265    0.6779    0.6527    0.5502    0.0207   0.02054  0.009107
     20/99       23G   0.03015   0.02549  0.005769   0.06141       154       640    0.8999    0.6237    0.6895    0.6645    0.5586   0.02019   0.02001  0.007454
     21/99       23G   0.02934   0.02477  0.005539   0.05965       166       640    0.9194     0.642    0.7003    0.6757     0.565   0.02036    0.0199  0.006578
     22/99       23G   0.02952   0.02461  0.005453   0.05958       162       640    0.8864    0.6221    0.6771    0.6497    0.5584   0.01961    0.0197  0.007779
     23/99       23G   0.02898   0.02429  0.005392   0.05867       282       640    0.9095    0.6507    0.6935    0.6676    0.5685   0.01987   0.01966   0.00674
     24/99       23G   0.02836    0.0242   0.00506   0.05762       183       640    0.8825    0.6579    0.7051    0.6862    0.5895   0.01894   0.01891  0.007043
     25/99       23G    0.0282   0.02368  0.004978   0.05686       157       640     0.934    0.6379    0.7087    0.6904    0.5952   0.01843   0.01824  0.007155
     26/99       23G    0.0276   0.02396  0.004994   0.05656       237       640     0.878    0.6399    0.6695    0.6451     0.548   0.01971   0.02038  0.008316
     27/99       23G   0.02766   0.02365  0.005035   0.05635       211       640    0.9284    0.6473    0.7168    0.6997    0.6039   0.01829   0.01797  0.006694
     28/99       23G   0.02753    0.0231  0.004918   0.05555       209       640    0.8998    0.6573    0.7086    0.6843    0.5897   0.01853   0.01842  0.006553
     29/99       23G   0.02701   0.02302  0.004963     0.055       180       640    0.9316    0.6562    0.7275    0.7129     0.617   0.01778   0.01779  0.006216
     30/99       23G   0.02683   0.02296  0.004918   0.05471       133       640    0.9041    0.6539    0.7079    0.6902    0.5994   0.01817   0.01799  0.006501
     31/99       23G   0.02643    0.0228  0.004664    0.0539       244       640    0.9171    0.6562    0.7407    0.7268     0.631   0.01755   0.01742  0.006333
     32/99       23G   0.02631   0.02273  0.004586   0.05363       334       640    0.9105    0.6483     0.707    0.6945    0.6009   0.01743    0.0176  0.006547
     33/99       23G   0.02601   0.02244  0.004647    0.0531       177       640    0.9068    0.6584    0.7172    0.7043    0.6138   0.01733    0.0173  0.006089
     34/99       23G   0.02613   0.02231  0.004671   0.05311       209       640     0.907    0.6356    0.7115    0.6979    0.6082   0.01763   0.01759  0.006685
     35/99       23G   0.02567   0.02246  0.004486   0.05261       195       640    0.9175    0.6616    0.7194    0.7097    0.6221   0.01717    0.0172    0.0062
     36/99       23G   0.02551    0.0218  0.004491    0.0518       169       640    0.9273    0.6548    0.7481    0.7362    0.6378   0.01747   0.01703  0.006192
     37/99       23G   0.02516   0.02142  0.004306   0.05089       151       640     0.927    0.6659    0.7177    0.7058    0.6197   0.01689    0.0166  0.005587
     38/99       23G     0.025   0.02128  0.004213   0.05049       263       640    0.9324    0.6606    0.7355    0.7219    0.6361   0.01681   0.01644  0.005724
     39/99       23G   0.02476   0.02182  0.004196   0.05077       176       640    0.9312    0.6605    0.7388    0.7258    0.6386   0.01666   0.01628  0.005914
     40/99       23G   0.02447    0.0208  0.004132   0.04941       190       640    0.9422     0.647    0.7243     0.712    0.6323   0.01641   0.01627  0.005946
     41/99       23G   0.02416   0.02091  0.004075   0.04915       191       640    0.9135    0.6495    0.7101    0.7006    0.6172   0.01649   0.01635   0.00616
     42/99       23G   0.02459   0.02154  0.004141   0.05027       169       640    0.9392    0.6576    0.7402    0.7291    0.6405   0.01644   0.01612  0.005597
     43/99       23G   0.02403   0.02054  0.003948   0.04853       198       640    0.9083    0.6636    0.7266    0.7154    0.6286   0.01656   0.01628  0.005744
     44/99       23G   0.02375   0.02055  0.004058   0.04836       277       640    0.9327    0.6551    0.7256    0.7091    0.6323   0.01604   0.01595  0.005789
     45/99       23G   0.02381   0.02066  0.003869   0.04834       246       640     0.939    0.6507    0.7473    0.7355    0.6546   0.01582   0.01561  0.005979
     46/99       23G   0.02394   0.02043   0.00388   0.04824       276       640    0.9119    0.6568    0.7276    0.7192    0.6392   0.01593   0.01548  0.006195
     47/99       23G   0.02323   0.02031  0.003944   0.04748       166       640    0.9398    0.6488     0.727    0.7157    0.6397    0.0157   0.01549  0.005957
     48/99       23G   0.02328   0.01968  0.003905   0.04686       163       640    0.9335    0.6525    0.7244    0.7095    0.6342   0.01592   0.01555  0.005863
     49/99       23G   0.02295   0.02001  0.003788   0.04675       172       640    0.9322    0.6574    0.7461    0.7393    0.6569   0.01573   0.01537  0.005784
     50/99       23G   0.02304   0.02028   0.00369   0.04702       141       640    0.8956    0.6604    0.7099    0.7015    0.6184   0.01608   0.01586  0.006219
     51/99       23G   0.02312   0.02023  0.003671   0.04702       193       640    0.9206    0.6521    0.7373    0.7318    0.6488   0.01558   0.01522  0.006345
     52/99       23G   0.02296    0.0197  0.003492   0.04616       136       640    0.9253    0.6547    0.7375    0.7317    0.6511   0.01537   0.01516  0.006249
     53/99       23G   0.02253   0.01958  0.003623   0.04573       205       640    0.9438    0.6528    0.7305    0.7195    0.6464   0.01546   0.01512  0.005189
     54/99       23G   0.02305   0.02005   0.00355   0.04665       179       640    0.9316     0.665    0.7645    0.7575    0.6807   0.01494   0.01474  0.005801
     55/99       23G   0.02246   0.01959  0.003479   0.04552       194       640    0.9383    0.6535    0.7368     0.728    0.6602   0.01489    0.0146   0.00549
     56/99       23G   0.02229   0.01956  0.003495   0.04535       167       640    0.9419    0.6662    0.7668    0.7592     0.677   0.01529     0.015   0.00495
     57/99       23G   0.02194   0.01903  0.003471   0.04444       192       640    0.9402    0.6698     0.777     0.771    0.6927   0.01484   0.01447  0.004764
     58/99       23G   0.02194   0.01917  0.003341   0.04445       253       640    0.9394    0.6758    0.7742    0.7665    0.6881   0.01488   0.01436   0.00503
     59/99       23G   0.02172   0.01905  0.003334    0.0441       174       640    0.9251    0.6733    0.7527    0.7472    0.6774   0.01455   0.01417  0.005755
     60/99       23G   0.02172    0.0191  0.003284    0.0441       146       640    0.9364    0.6707    0.7839    0.7697     0.697   0.01496   0.01457  0.005226
     61/99       23G   0.02179   0.01925  0.003277   0.04432       170       640    0.9288    0.6687    0.7504    0.7434    0.6722   0.01462   0.01421  0.005254
     62/99       23G   0.02148   0.01891  0.003292   0.04368       146       640    0.9443    0.6656    0.7546    0.7446     0.675   0.01469   0.01429  0.005398
     63/99       23G    0.0216   0.01908  0.003199   0.04388       155       640    0.6942    0.7639    0.7835    0.7643    0.6971   0.01452   0.01409  0.005789
     64/99       23G   0.02123   0.01825  0.003127   0.04261       192       640    0.5998    0.8007    0.7615    0.7531    0.6819   0.01452   0.01405  0.005382
     65/99       23G   0.02109   0.01848  0.003175   0.04275       166       640    0.9427      0.66    0.7742    0.7677    0.6946   0.01437   0.01396  0.005398
     66/99       23G    0.0209   0.01816  0.003138    0.0422       178       640    0.9466    0.6618    0.7799    0.7735    0.6943   0.01465   0.01417  0.005379
     67/99       23G   0.02073   0.01839  0.003043   0.04216       221       640     0.927    0.6611    0.7552    0.7495    0.6789   0.01448   0.01413  0.006058
     68/99       23G   0.02063   0.01809  0.003067   0.04179       194       640    0.9296    0.6732    0.7269    0.7209    0.6516   0.01446   0.01397  0.005102
     69/99       23G   0.02062   0.01811  0.002954   0.04168       186       640    0.6931    0.7634    0.7624    0.7572    0.6868   0.01447   0.01394  0.004833
     70/99       23G   0.02042   0.01788  0.002982   0.04128       162       640    0.9366    0.6765     0.737    0.7323      0.67   0.01394   0.01347  0.004605
     71/99       23G    0.0204   0.01771  0.002962   0.04107       152       640     0.648    0.8012    0.7594    0.7544    0.6869   0.01407    0.0135  0.005033
     72/99       23G   0.02034   0.01799  0.002853   0.04119       187       640    0.6861    0.7741    0.7659    0.7611    0.6863   0.01438    0.0139  0.005144
     73/99       23G   0.02009   0.01729  0.002962   0.04035       178       640    0.6923     0.782    0.7698    0.7645    0.7002   0.01385   0.01327  0.005211
     74/99       23G   0.01996   0.01751  0.002968   0.04044       212       640    0.7568     0.704    0.7442     0.733    0.6713   0.01397   0.01337  0.005514
     75/99       23G   0.02019   0.01756  0.003088   0.04083       229       640    0.6666    0.7321    0.7361    0.7316    0.6707   0.01375   0.01332  0.005337
     76/99       23G      0.02   0.01754  0.002975   0.04051       245       640    0.7265    0.7422    0.7595    0.7465    0.6897   0.01359   0.01305  0.005332
     77/99       23G   0.01991   0.01716   0.00288   0.03995       160       640    0.6492    0.7712    0.7461     0.741    0.6809    0.0137   0.01315  0.005429
     78/99       23G   0.01984   0.01731  0.002876   0.04002       194       640      0.63    0.7905    0.7392    0.7329    0.6657   0.01407    0.0135    0.0053
     79/99       23G   0.01964   0.01722  0.002743   0.03961       149       640    0.6685    0.7482    0.7433    0.7392    0.6795   0.01356   0.01295  0.005381
     80/99       23G   0.01959   0.01712  0.002875   0.03958       160       640    0.6792    0.7003    0.7335    0.7286    0.6702   0.01363     0.013   0.00526
     81/99       23G    0.0194   0.01681  0.002821   0.03903       217       640    0.6942    0.7214    0.7387    0.7342    0.6745   0.01357    0.0129  0.005345
     82/99       23G   0.01904   0.01664  0.002753   0.03843       232       640    0.7532    0.6907    0.7303    0.7257    0.6676   0.01356   0.01296  0.005221
     83/99       23G   0.01942   0.01692  0.002773   0.03912       307       640    0.7718    0.7071    0.7412    0.7372    0.6741   0.01367     0.013  0.005787
     84/99       23G   0.01906   0.01644  0.002647   0.03815       200       640    0.7051    0.7395    0.7405    0.7371    0.6774   0.01333   0.01282  0.005405
     85/99       23G   0.01927   0.01679  0.002721   0.03878        81       640    0.8087    0.7297    0.7696    0.7662    0.7015   0.01354     0.013  0.004992
     86/99       23G   0.01909   0.01677  0.002766   0.03862       188       640    0.7358    0.7341    0.7564    0.7454    0.6893   0.01353   0.01289  0.005453
     87/99       23G   0.01917   0.01641  0.002723   0.03831       189       640    0.9351    0.6765    0.7613    0.7589    0.6963   0.01349   0.01284  0.004784
     88/99       23G   0.01914   0.01666  0.002702    0.0385       158       640    0.6865    0.7714    0.7492    0.7455    0.6892   0.01319   0.01258  0.005042
     89/99       23G   0.01888   0.01622  0.002645   0.03774       153       640    0.7461    0.7768    0.7651    0.7613    0.6985   0.01345   0.01285  0.005132
     90/99       23G   0.01862   0.01632  0.002465   0.03741       219       640     0.778     0.729    0.7567    0.7539    0.6941   0.01328   0.01262  0.005206
     91/99       23G   0.01846   0.01604  0.002603    0.0371       194       640    0.7241    0.7654     0.765    0.7618    0.7041   0.01318   0.01258  0.004879
     92/99       23G   0.01836   0.01588   0.00255   0.03678       167       640    0.7933    0.7129    0.7657    0.7619    0.7004   0.01315   0.01258  0.005472
     93/99       23G    0.0187   0.01613  0.002491   0.03731       232       640    0.7045    0.8035    0.7585    0.7554    0.6967   0.01307   0.01244  0.005204
     94/99       23G   0.01878   0.01633   0.00255   0.03766       140       640    0.7708    0.6835    0.7412    0.7378    0.6841   0.01305   0.01241  0.005079
     95/99       23G   0.01877   0.01649  0.002551   0.03781       181       640    0.7396    0.6861     0.744    0.7404    0.6845   0.01323   0.01262  0.005044
     96/99       23G    0.0185    0.0161  0.002532   0.03713       170       640    0.7515    0.7038     0.741    0.7375    0.6807    0.0133   0.01265  0.005702
     97/99       23G   0.01841   0.01572  0.002449   0.03659       160       640    0.7655    0.7123    0.7495    0.7471    0.6914   0.01293   0.01228  0.005283
     98/99       23G   0.01837   0.01589  0.002466   0.03673       175       640    0.7434    0.6863     0.744    0.7422    0.6907   0.01262   0.01199  0.005313
     99/99       23G   0.01837   0.01566   0.00245   0.03648       188       640    0.7097    0.7396    0.7495    0.7387    0.6909   0.01274   0.01207  0.005594
