      0/99     11.6G    0.1048   0.07469     0.034    0.2135       117       640    0.2521  0.001826 0.0001665 9.803e-07 2.628e-05   0.09585   0.07773   0.03326
      1/99     23.5G   0.09055   0.06057   0.02538    0.1765        95       640    0.3288    0.2703    0.1186  0.002716   0.02725   0.07672   0.06852   0.02639
      2/99     23.5G   0.07635   0.05178   0.01934    0.1475       128       640    0.6594    0.2793    0.1915   0.02969   0.06426   0.06938   0.05274   0.02219
      3/99     23.5G   0.07018   0.04827   0.01739    0.1358       158       640    0.5293    0.3216    0.3237   0.07873    0.1283   0.05223   0.05368   0.02176
      4/99     23.5G   0.06161   0.04575   0.01557    0.1229       159       640    0.5315    0.2485    0.2577   0.04662   0.09913   0.06702    0.2017   0.02009
      5/99     23.5G   0.05612   0.04107   0.01408    0.1113        94       640    0.7345    0.4603    0.4707    0.1393     0.198   0.04767   0.04592   0.01364
      6/99     23.5G   0.05155   0.03945   0.01232    0.1033       113       640    0.7259    0.5044    0.4988    0.2918    0.2792    0.0398   0.06091   0.01261
      7/99     23.5G   0.04629   0.03658   0.01111   0.09399        86       640    0.8187    0.5466    0.6013    0.4211    0.3725   0.03518   0.03224   0.01219
      8/99     23.5G   0.04288   0.03447   0.01003   0.08738       118       640    0.8323    0.5522    0.6794    0.4772    0.4152    0.0309   0.03069   0.01525
      9/99     23.5G   0.04034   0.03253  0.009277   0.08215       100       640    0.8338    0.5522    0.6221    0.4809    0.4081    0.0307   0.03042   0.01288
     10/99     23.5G   0.03815   0.03158  0.008653   0.07838       177       640    0.8487    0.5897    0.6848    0.5513    0.4604   0.02891   0.02868  0.009785
     11/99     23.5G   0.03672   0.03023  0.008006   0.07495        87       640    0.8408    0.5613    0.6544    0.5413    0.4523   0.02787   0.03059    0.0122
     12/99     23.5G   0.03528   0.02938  0.007544    0.0722       193       640    0.8693    0.6148    0.6769    0.6181    0.5068   0.02427   0.02493  0.008925
     13/99     23.5G   0.03454   0.02861  0.007357    0.0705        96       640    0.8207    0.5525    0.6343    0.5707    0.4722   0.02517   0.02886   0.01386
     14/99     23.5G   0.03375   0.02819  0.006845   0.06879        97       640    0.8496    0.5804      0.68    0.6263    0.5139   0.02414   0.02501   0.01031
     15/99     23.5G   0.03292   0.02794  0.006584   0.06745       137       640    0.8347    0.5967    0.6837    0.6187    0.5243   0.02262    0.0237   0.01048
     16/99     23.5G    0.0321    0.0275  0.006612   0.06621       202       640    0.8098    0.5619    0.6783    0.6234    0.5216   0.02294   0.02266   0.01965
     17/99     23.5G   0.03187   0.02678  0.006192   0.06484       109       640    0.8875    0.6023    0.7194    0.6744    0.5636    0.0217   0.02148  0.008438
     18/99     23.5G   0.03105   0.02617  0.005957   0.06317       142       640    0.9017    0.6306    0.7052    0.6811    0.5635   0.02115   0.02073  0.007205
     19/99     23.5G   0.03056   0.02609  0.005665   0.06232       130       640    0.9139    0.6362    0.7066    0.6561    0.5558    0.0212   0.02087  0.007358
     20/99     23.5G   0.03007   0.02548   0.00559   0.06115       165       640    0.8767    0.6358    0.6971    0.6659     0.558   0.02036   0.01997  0.007337
     21/99     23.5G   0.02998   0.02531  0.005495   0.06078       158       640    0.9097    0.6211    0.6964     0.674    0.5658   0.01998   0.02011  0.008278
     22/99     23.5G     0.029   0.02486   0.00545   0.05931        96       640    0.9221    0.6214    0.6974    0.6773    0.5749   0.01968   0.01954  0.007164
     23/99     23.5G   0.02858   0.02408  0.005462   0.05812       109       640    0.8908    0.6244    0.6912    0.6675    0.5722    0.0187   0.01956  0.009046
     24/99     23.5G   0.02851   0.02407  0.005175   0.05775       180       640    0.9029    0.6386    0.7081    0.6849    0.5836   0.01909    0.0186  0.006875
     25/99     23.5G   0.02785   0.02406  0.005221   0.05713       152       640     0.934    0.6456    0.7235    0.6992    0.5939   0.01921   0.01875  0.006247
     26/99     23.5G   0.02814   0.02388  0.005279   0.05729       123       640    0.9169    0.6458    0.7249    0.6957    0.6065   0.01871   0.01846  0.006426
     27/99     23.5G   0.02709   0.02319   0.00486   0.05515       159       640    0.9114    0.6416     0.707    0.6863     0.593   0.01852   0.01806  0.006617
     28/99     23.5G   0.02708   0.02325  0.004896   0.05523       217       640     0.908    0.6618     0.714    0.6951    0.6032   0.01788   0.01817  0.006799
     29/99     23.5G   0.02704   0.02297   0.00477   0.05478       103       640    0.9228     0.652    0.7255    0.7071     0.616   0.01772   0.01747  0.006579
     30/99     23.5G   0.02661   0.02293  0.004896   0.05444       180       640     0.919    0.6647    0.7149    0.7009    0.6101   0.01737   0.01721  0.005512
     31/99     23.5G   0.02627   0.02313  0.004673   0.05408       118       640    0.8928    0.6607    0.7076    0.6972    0.6119   0.01689   0.01664  0.007123
     32/99     23.5G   0.02632   0.02224  0.004678   0.05324       110       640    0.9357    0.6459    0.7277    0.7156    0.6254   0.01757   0.01725  0.006279
     33/99     23.5G   0.02578   0.02237  0.004395   0.05255        84       640    0.9474    0.6429    0.7139    0.7022    0.6102   0.01724   0.01691   0.00552
     34/99     23.5G    0.0256    0.0218  0.004573   0.05197       163       640    0.9299    0.6302    0.7214    0.7043    0.6222   0.01685   0.01667  0.007061
     35/99     23.5G   0.02534   0.02213  0.004255   0.05172       127       640    0.9159    0.6441    0.7249    0.7133    0.6279   0.01663   0.01629  0.006653
     36/99     23.5G   0.02532   0.02155  0.004452   0.05132       145       640    0.9256    0.6627    0.7254      0.71    0.6212   0.01706   0.01678  0.005755
     37/99     23.5G   0.02516    0.0218  0.004376   0.05134        76       640    0.9009    0.6454    0.7133    0.6983    0.6195   0.01645   0.01665  0.008302
     38/99     23.5G   0.02471   0.02104  0.004148    0.0499       142       640    0.9404    0.6584    0.7299    0.7165    0.6284   0.01671   0.01617   0.00562
     39/99     23.5G   0.02438   0.02116  0.004269   0.04981       145       640    0.9015    0.6527     0.702    0.6883    0.6069   0.01696    0.0169  0.006249
     40/99     23.5G   0.02459   0.02108  0.004294   0.04996       130       640    0.9333    0.6397    0.7198    0.7088     0.624   0.01644   0.01604  0.006117
     41/99     23.5G   0.02431   0.02115  0.004104   0.04957        71       640    0.9171    0.6559    0.7253    0.7162    0.6357   0.01592   0.01558  0.007554
     42/99     23.5G   0.02423   0.02057  0.004074   0.04888       143       640    0.9392    0.6762    0.7429    0.7345    0.6509   0.01587   0.01555  0.004947
     43/99     23.5G   0.02412   0.02065  0.003899   0.04867        98       640    0.9031    0.6501    0.7194    0.7078    0.6309   0.01583   0.01555   0.00705
     44/99     23.5G   0.02425    0.0212  0.003854   0.04931       135       640    0.9397     0.659    0.7239    0.7152    0.6306   0.01619   0.01565  0.005313
     45/99     23.5G   0.02345   0.02025  0.003829   0.04753       128       640    0.9031    0.6718    0.7226    0.7144    0.6361   0.01576   0.01534  0.005806
     46/99     23.5G   0.02386   0.02063  0.003827   0.04832       112       640     0.942    0.6658    0.7495    0.7383    0.6644   0.01561   0.01537  0.005237
     47/99     23.5G   0.02341      0.02  0.003778   0.04719       179       640    0.9286    0.6627    0.7456    0.7373    0.6534   0.01594    0.0153  0.005702
     48/99     23.5G   0.02314   0.02025  0.003834   0.04723        95       640    0.9185    0.6609    0.7253    0.7153    0.6377   0.01558   0.01544  0.006574
     49/99     23.5G   0.02289   0.02009  0.003621    0.0466       104       640    0.9332      0.66    0.7519    0.7327    0.6591   0.01533   0.01484  0.005905
     50/99     23.5G   0.02285   0.01974  0.003707    0.0463       157       640    0.9378    0.6596    0.7524    0.7416    0.6576   0.01561    0.0151  0.005276
     51/99     23.5G   0.02257   0.01973  0.003601    0.0459       116       640    0.9277    0.6623    0.7431    0.7321    0.6548   0.01576   0.01518  0.005299
     52/99     23.5G   0.02286   0.01991  0.003782   0.04655       104       640    0.9246    0.6638    0.7486    0.7426    0.6693   0.01498   0.01446  0.005412
     53/99     23.5G   0.02256   0.01988  0.003575   0.04602       139       640    0.9478    0.6517    0.7545     0.747    0.6671   0.01538   0.01474    0.0059
     54/99     23.5G   0.02259   0.01967  0.003654   0.04591       180       640    0.9179    0.6646    0.7498    0.7439    0.6668   0.01517   0.01455  0.006042
     55/99     23.5G   0.02219   0.01924  0.003568   0.04499       183       640    0.9431     0.662    0.7453    0.7402     0.662   0.01505   0.01439  0.005295
     56/99     23.5G   0.02202   0.01929  0.003539   0.04485       131       640    0.9348    0.6683    0.7516    0.7434    0.6676   0.01508   0.01454  0.005246
     57/99     23.5G   0.02206    0.0192  0.003418   0.04467       138       640    0.9295    0.6709    0.7564     0.742    0.6754   0.01486   0.01448  0.005033
     58/99     23.5G    0.0219   0.01919  0.003364   0.04445       107       640    0.9324    0.6695    0.7606    0.7545    0.6798   0.01479   0.01407  0.005123
     59/99     23.5G   0.02178   0.01878  0.003317   0.04387       164       640    0.5945    0.8338    0.7787    0.7722    0.6887   0.01524   0.01466   0.00549
     60/99     23.5G   0.02167    0.0192  0.003337   0.04421       138       640     0.946    0.6712    0.7501    0.7461    0.6777   0.01446   0.01403  0.004675
     61/99     23.5G   0.02169   0.01882  0.003362   0.04387        77       640    0.9252    0.6694     0.755     0.743    0.6738   0.01476   0.01417  0.005585
     62/99     23.5G   0.02133   0.01828  0.003223   0.04283        99       640     0.933    0.6762    0.7716    0.7657    0.6962   0.01434   0.01375  0.005464
     63/99     23.5G   0.02154   0.01888  0.003292   0.04372       178       640    0.9396    0.6647    0.7678     0.763    0.6897   0.01452   0.01386   0.00587
     64/99     23.5G   0.02124   0.01844  0.003209   0.04288       145       640    0.9338    0.6712    0.7622    0.7501    0.6805   0.01444   0.01379  0.005147
     65/99     23.5G     0.021   0.01836  0.003167   0.04252       131       640     0.582    0.8538    0.7647    0.7601    0.6881   0.01449   0.01387  0.005187
     66/99     23.5G   0.02098   0.01846   0.00324   0.04268       112       640    0.5956    0.8512      0.78    0.7762    0.6969   0.01442   0.01388   0.00525
     67/99     23.5G   0.02113   0.01852  0.003227   0.04288       145       640    0.9335     0.678    0.7745    0.7709    0.6989   0.01451   0.01378  0.004814
     68/99     23.5G   0.02089    0.0183  0.003091   0.04228       126       640    0.6046    0.8187    0.7781    0.7586    0.6987   0.01433   0.01364  0.005244
     69/99     23.5G   0.02069   0.01798  0.002997   0.04167       189       640    0.9331    0.6725    0.7584    0.7466    0.6796   0.01448   0.01376  0.005687
     70/99     23.5G    0.0204   0.01798  0.002916   0.04129        92       640    0.5939    0.8346    0.7665    0.7612    0.6933    0.0142   0.01347  0.004725
     71/99     23.5G   0.02049   0.01771  0.002935   0.04113       108       640    0.6568    0.8555    0.8153    0.7976    0.7348   0.01436    0.0136  0.004274
     72/99     23.5G   0.02049   0.01763  0.002903   0.04103        92       640    0.6945    0.8051     0.798    0.7939    0.7205   0.01424   0.01354  0.005276
     73/99     23.5G   0.02025     0.018   0.00284   0.04109       151       640    0.6412    0.8282    0.8123    0.8083    0.7285    0.0145   0.01368  0.005059
     74/99     23.5G   0.02027   0.01809  0.002867   0.04122       169       640    0.6952    0.7947     0.795      0.79    0.7185   0.01428   0.01343  0.004656
     75/99     23.5G    0.0201   0.01762  0.002902   0.04062       178       640    0.6454    0.8241    0.7814    0.7784    0.7079   0.01403   0.01337  0.005015
     76/99     23.5G   0.02005   0.01765  0.002976   0.04068       147       640    0.6696    0.8048     0.799    0.7961    0.7226   0.01417   0.01351  0.005452
     77/99     23.5G   0.02013   0.01758  0.002884    0.0406       234       640    0.6651    0.8474    0.8238    0.8207    0.7446   0.01409   0.01331   0.00525
     78/99     23.5G   0.01982   0.01714  0.002727   0.03969       117       640    0.6614    0.8246    0.7977    0.7948    0.7189   0.01458   0.01384  0.005036
     79/99     23.5G   0.01953    0.0171  0.002798   0.03943       132       640    0.7224    0.8471    0.8374    0.8337    0.7541   0.01391   0.01319  0.005181
     80/99     23.5G   0.01935   0.01676  0.002782   0.03889        92       640    0.7319    0.8256    0.8329    0.8293    0.7583   0.01377   0.01306  0.004761
     81/99     23.5G   0.01928   0.01729  0.002819   0.03939        86       640    0.6528     0.811    0.8014     0.798    0.7394   0.01355   0.01279  0.004698
     82/99     23.5G   0.01944   0.01666  0.002698    0.0388       144       640    0.6723    0.8053    0.8143    0.8006    0.7539   0.01306   0.01227  0.004909
     83/99     23.5G   0.01893   0.01635  0.002686   0.03796       146       640    0.8083    0.7794    0.8243    0.8204    0.7487   0.01363   0.01286  0.004902
     84/99     23.5G   0.01908   0.01671  0.002811   0.03861       182       640    0.6703    0.8591    0.8314    0.8274    0.7715   0.01306   0.01228  0.005161
     85/99     23.5G   0.01895   0.01632  0.002779   0.03804       144       640    0.6631    0.8206     0.797    0.7929    0.7371     0.013   0.01226  0.005157
     86/99     23.5G   0.01894    0.0164  0.002793   0.03813       155       640    0.7537    0.8011    0.8198    0.8155    0.7603   0.01248   0.01182  0.005331
     87/99     23.5G   0.01871   0.01601  0.002702   0.03743       117       640    0.7534    0.8389    0.8328    0.8278    0.7585   0.01338   0.01269  0.004948
     88/99     23.5G   0.01898    0.0164   0.00267   0.03805       103       640    0.7955    0.8384    0.8402    0.8373    0.7683   0.01292   0.01212  0.004641
     89/99     23.5G   0.01853   0.01597  0.002683   0.03719       130       640    0.7924    0.8111    0.8222    0.8197     0.763   0.01264   0.01189  0.004746
     90/99     23.5G   0.01867   0.01588  0.002742   0.03729        96       640     0.753    0.8385    0.8334    0.8293    0.7604   0.01315    0.0125  0.005053
     91/99     23.5G   0.01857   0.01566  0.002716   0.03694       111       640     0.735    0.8607    0.8312     0.827    0.7715   0.01242   0.01169  0.004717
     92/99     23.5G   0.01827   0.01583  0.002618   0.03671       111       640    0.7386     0.852    0.8188    0.8147    0.7526    0.0129   0.01223  0.004891
     93/99     23.5G   0.01836   0.01561  0.002566   0.03654       136       640     0.868    0.7855     0.835     0.831    0.7653   0.01247   0.01182  0.004896
     94/99     23.5G   0.01811   0.01513  0.002567    0.0358       148       640     0.864    0.8232    0.8478    0.8433    0.7794   0.01228   0.01163  0.004924
     95/99     23.5G   0.01815    0.0154  0.002719   0.03627       137       640    0.9028    0.7809    0.8347    0.8313    0.7648   0.01306   0.01238  0.004982
     96/99     23.5G   0.01808   0.01548   0.00262   0.03618        93       640    0.8038    0.8094    0.8063    0.8032    0.7406   0.01261   0.01191   0.00497
     97/99     23.5G   0.01849   0.01592  0.002555   0.03697       116       640    0.8232    0.8037     0.825     0.823    0.7643    0.0124    0.0117   0.00458
     98/99     23.5G    0.0181   0.01558  0.002496   0.03617       123       640    0.7598    0.8124    0.8166    0.8139    0.7551   0.01245   0.01175  0.004757
     99/99     23.5G   0.01827   0.01557   0.00253   0.03637       135       640    0.7743    0.8143    0.8314    0.8279     0.771   0.01226   0.01149  0.004787
