      0/99     10.9G    0.1045   0.07688   0.03421    0.2155       139       640    0.2517   0.01534 0.0002912 1.685e-06 5.134e-05    0.0968   0.07668     0.033
      1/99     20.3G   0.09764   0.06803   0.02633     0.192       131       640    0.0214   0.04171  0.005762 2.141e-05  0.001068   0.09248     0.247   0.02757
      2/99     20.2G   0.07955   0.05479    0.0209    0.1552       131       640   0.08774    0.2127   0.04527   0.00429   0.01392   0.07904    0.2334   0.02507
      3/99     20.2G    0.0684    0.0491     0.017    0.1345       124       640    0.7222     0.235    0.1808   0.01059   0.05018   0.06394    0.1031   0.01782
      4/99     20.2G   0.06144   0.04423   0.01528    0.1209       139       640    0.6061    0.3564    0.3627    0.1446    0.1748   0.05221    0.1257   0.01715
      5/99     20.2G   0.05323   0.04105   0.01368     0.108       152       640    0.7799    0.4797    0.5275    0.2681    0.2768   0.04147   0.03953   0.01394
      6/99     20.2G   0.04708   0.03762   0.01172   0.09641        79       640     0.786    0.5279    0.5727    0.4147    0.3583    0.0345   0.03419   0.01393
      7/99     20.2G   0.04392   0.03577   0.01052   0.09021       144       640    0.7872    0.5132    0.6276    0.4392    0.3883   0.03352   0.03468   0.01502
      8/99     20.2G   0.04118   0.03402  0.009695   0.08489       108       640    0.8307     0.549     0.619    0.4745    0.4038   0.03202   0.03301   0.01315
      9/99     20.2G    0.0402   0.03273  0.009049   0.08198       111       640    0.8538    0.5538    0.6519    0.5257    0.4424    0.0283   0.03126   0.01251
     10/99     20.2G   0.03809   0.03179  0.008385   0.07827       111       640    0.8427    0.5354    0.6377    0.5199    0.4461   0.02769    0.0301   0.01347
     11/99     20.2G   0.03688   0.03102  0.008075   0.07597       198       640    0.7802    0.5483    0.5785    0.5206    0.4229    0.0271   0.03924   0.01604
     12/99     20.2G   0.03537   0.02996  0.007645   0.07298       157       640    0.8693    0.5971    0.6932    0.6211    0.5195   0.02464   0.02481   0.01074
     13/99     20.2G   0.03494    0.0292   0.00714   0.07128       162       640     0.888    0.5968    0.6993    0.6419    0.5289   0.02335   0.02398    0.0103
     14/99     20.2G   0.03428   0.02891  0.006959   0.07015       156       640     0.889    0.6145    0.6784    0.6144    0.5177   0.02364   0.02378  0.008745
     15/99     20.2G   0.03341   0.02792  0.006764    0.0681       110       640    0.9043    0.6115    0.6844    0.6305    0.5336   0.02234     0.023  0.008136
     16/99     20.2G   0.03251   0.02735  0.006484   0.06634       122       640    0.8948    0.6363    0.6839    0.6462    0.5398    0.0223   0.02279  0.007219
     17/99     20.2G   0.03162   0.02696  0.006209   0.06479       165       640    0.8036    0.5518    0.6352    0.5729    0.4856   0.02274   0.02399   0.02232
     18/99     20.2G   0.03142   0.02648  0.006003   0.06391       126       640    0.9153     0.623    0.7057    0.6659    0.5635   0.02147   0.02168  0.008069
     19/99     20.2G   0.03104   0.02681  0.005837   0.06369       130       640    0.9272    0.6152    0.6982    0.6576    0.5606   0.02098   0.02356  0.006851
     20/99     20.2G   0.03015   0.02548  0.005734   0.06137        96       640    0.9097    0.6263    0.6964    0.6664    0.5679   0.02028   0.02086  0.007668
     21/99     20.2G   0.02969   0.02531  0.005778   0.06078        86       640    0.8895    0.6383     0.682    0.6552    0.5565    0.0203   0.02087  0.007799
     22/99     20.2G   0.02933   0.02496  0.005532   0.05981       153       640    0.8915    0.6294    0.6722     0.648    0.5478   0.02031   0.02077   0.00783
     23/99     20.2G   0.02896   0.02484  0.005279   0.05908       100       640    0.8936    0.6238    0.6775    0.6487    0.5549   0.01902   0.01942  0.008452
     24/99     20.2G   0.02881   0.02467   0.00533   0.05881       143       640     0.862    0.5984    0.6695    0.6413    0.5511   0.01968   0.02109   0.01094
     25/99     20.2G   0.02837   0.02413  0.005282   0.05778       182       640    0.9003    0.6176    0.6915    0.6652     0.579   0.01833   0.01889   0.00983
     26/99     20.2G   0.02798   0.02356  0.005095   0.05663       171       640    0.9271    0.6504    0.7056    0.6888    0.5872   0.01949   0.01963  0.006043
     27/99     20.2G    0.0282   0.02409  0.005155   0.05744        84       640     0.918    0.6595    0.7113    0.6934    0.5982   0.01843   0.01872  0.005861
     28/99     20.2G   0.02713   0.02369  0.004757   0.05558       124       640    0.9187    0.6408    0.7175    0.6984    0.6068   0.01825   0.02081  0.006401
     29/99     20.2G   0.02738   0.02331  0.004965   0.05565       126       640    0.9357    0.6454    0.7147    0.6981    0.6115   0.01774   0.01786  0.005958
     30/99     20.2G   0.02682   0.02307  0.004771   0.05466       102       640    0.9131      0.64    0.7174    0.6968    0.6113   0.01753   0.01754  0.008723
     31/99     20.2G   0.02664   0.02267  0.004778   0.05409       143       640    0.9026    0.6421    0.6991    0.6846    0.5925   0.01846   0.02047  0.008065
     32/99     20.2G   0.02616   0.02262  0.004569   0.05336       152       640    0.9187    0.6463    0.7061    0.6875    0.5994   0.01766   0.01812  0.006612
     33/99     20.2G   0.02644   0.02274   0.00447   0.05365       124       640    0.9239    0.6439    0.7027    0.6852    0.5964   0.01769    0.0177  0.006599
     34/99     20.2G   0.02606   0.02252   0.00442     0.053       105       640    0.9208    0.6361    0.7182    0.6989    0.6193   0.01687   0.01682  0.007304
     35/99     20.2G    0.0261   0.02226  0.004499   0.05286       115       640    0.8874    0.6233    0.7043     0.687     0.603   0.01714   0.01707  0.009513
     36/99     20.2G    0.0255   0.02204  0.004327   0.05187       195       640    0.9293    0.6574    0.7189     0.703    0.6237   0.01698   0.01718  0.005677
     37/99     20.2G   0.02502   0.02161  0.004342   0.05098       169       640    0.9182    0.6643    0.7143    0.7031    0.6223    0.0168   0.01665   0.00595
     38/99     20.2G   0.02505   0.02146  0.004192    0.0507       195       640    0.9243    0.6555    0.7137    0.6973    0.6115   0.01723   0.01734  0.005644
     39/99     20.2G   0.02512   0.02126  0.004168   0.05055       175       640    0.9198    0.6642     0.729    0.7164     0.622   0.01713   0.01706  0.006333
     40/99     20.2G   0.02511   0.02153  0.004096   0.05074       146       640    0.9104    0.6345    0.7104    0.6994    0.6178   0.01656   0.01683  0.008958
     41/99     20.2G   0.02453   0.02117  0.004145   0.04985       109       640    0.9324    0.6446    0.7025    0.6919    0.6109   0.01681   0.01676  0.006225
     42/99     20.2G   0.02453    0.0215  0.004055   0.05009       111       640    0.9061    0.6497    0.7413     0.728    0.6446    0.0163   0.01634  0.006708
     43/99     20.2G   0.02409   0.02095  0.004043   0.04909       155       640    0.9217    0.6539    0.7164    0.7027    0.6302   0.01582    0.0157  0.006077
     44/99     20.2G   0.02408   0.02072  0.003864   0.04865       113       640     0.929    0.6587    0.7365    0.7228    0.6431   0.01607   0.01604  0.005615
     45/99     20.2G   0.02391     0.021  0.003834   0.04875       122       640    0.9393    0.6555    0.7333    0.7208      0.64   0.01609   0.01584  0.005543
     46/99     20.2G   0.02382   0.02071  0.003817   0.04834       103       640    0.9334    0.6502    0.7393    0.7252    0.6465   0.01606   0.01598  0.005485
     47/99     20.2G   0.02361   0.02056  0.003798   0.04797       167       640    0.9197    0.6475    0.7409    0.7327    0.6516   0.01555   0.01548  0.006377
     48/99     20.2G   0.02371   0.02047  0.003779   0.04796       172       640    0.9237    0.6619    0.7362    0.7294    0.6522   0.01567   0.01535  0.006321
     49/99     20.2G   0.02342   0.02061   0.00378   0.04782       125       640    0.9319    0.6627    0.7326     0.727    0.6479   0.01555   0.01532   0.00532
     50/99     20.2G   0.02331   0.02006  0.003703   0.04707       117       640    0.9439    0.6587    0.7351     0.719    0.6414   0.01586   0.01556   0.00495
     51/99     20.2G   0.02335   0.02033  0.003615   0.04729       172       640    0.9301    0.6707    0.7333    0.7249    0.6483   0.01539   0.01515  0.005208
     52/99     20.2G   0.02314   0.01989  0.003555   0.04659       113       640    0.9299    0.6734    0.7394     0.733    0.6595   0.01526   0.01527  0.004937
     53/99     20.2G   0.02272   0.01988  0.003668   0.04627       148       640    0.9441    0.6591    0.7488    0.7429    0.6603   0.01549   0.01505  0.005357
     54/99     20.2G   0.02257   0.01955  0.003419   0.04554        90       640     0.949    0.6479     0.732     0.727    0.6521    0.0151   0.01487  0.005398
     55/99     20.2G   0.02238   0.01946  0.003518   0.04536       135       640    0.9337    0.6619    0.7508    0.7371    0.6637   0.01515   0.01492  0.005433
     56/99     20.2G   0.02234   0.01986  0.003417   0.04562       126       640    0.9466    0.6565    0.7323    0.7248    0.6501   0.01511   0.01477  0.005071
     57/99     20.2G   0.02229   0.01939  0.003417   0.04509       136       640    0.9345    0.6528    0.7511    0.7339    0.6669   0.01477    0.0144  0.005858
     58/99     20.2G    0.0224   0.01957  0.003451   0.04542       160       640    0.6912     0.763    0.7647    0.7593    0.6778   0.01537   0.01496  0.005707
     59/99     20.2G   0.02189   0.01939  0.003408   0.04469       118       640     0.942    0.6602    0.7608    0.7399    0.6734   0.01479   0.01441  0.005401
     60/99     20.2G     0.022   0.01925   0.00345    0.0447       105       640    0.9385    0.6536    0.7548     0.749    0.6699   0.01488   0.01449   0.00595
     61/99     20.2G   0.02195   0.01917  0.003435   0.04455        88       640    0.6901    0.7648    0.7606    0.7478    0.6752   0.01487   0.01451  0.006498
     62/99     20.2G   0.02159   0.01914  0.003315   0.04405       115       640    0.9357    0.6643    0.7753    0.7699    0.6878   0.01483   0.01448  0.004804
     63/99     20.2G   0.02154   0.01871  0.003225   0.04347        99       640    0.9391    0.6617    0.7532    0.7451    0.6733   0.01483   0.01436  0.005014
     64/99     20.2G    0.0213   0.01857  0.003322    0.0432       155       640    0.9463    0.6571    0.7398    0.7273    0.6572   0.01463   0.01414  0.005245
     65/99     20.2G   0.02093    0.0184  0.003158   0.04248       170       640    0.9437     0.672    0.7459    0.7407    0.6674    0.0146   0.01422  0.004629
     66/99     20.2G   0.02126   0.01869  0.003236   0.04318       166       640    0.7418    0.7618    0.7798    0.7617    0.6841   0.01488    0.0143  0.005965
     67/99     20.2G   0.02095   0.01841  0.003177   0.04253       108       640    0.8966    0.7033    0.7651    0.7512    0.6857   0.01413   0.01375    0.0051
     68/99     20.2G   0.02106   0.01871  0.003001   0.04278       174       640    0.7033    0.7114    0.7332    0.7233    0.6603   0.01422   0.01387  0.005146
     69/99     20.2G     0.021   0.01813  0.003139   0.04227       109       640      0.73     0.749    0.7639    0.7515    0.6844   0.01446   0.01409  0.006181
     70/99     20.2G   0.02088   0.01832  0.003088   0.04229       165       640    0.7358    0.7255    0.7444    0.7318    0.6612   0.01452   0.01403  0.004895
     71/99     20.2G    0.0207   0.01823  0.002924   0.04186        96       640    0.6458    0.7728     0.755    0.7497    0.6778   0.01449   0.01399  0.005695
     72/99     20.2G   0.02044   0.01799  0.003004   0.04144        92       640    0.6667    0.7326    0.7398    0.7348    0.6627   0.01441   0.01385  0.005349
     73/99     20.2G   0.02061   0.01836   0.00287   0.04183       141       640    0.7898    0.7029    0.7515    0.7471    0.6767   0.01446   0.01382  0.005128
     74/99     20.2G   0.02012   0.01758   0.00284   0.04054       106       640    0.7612    0.7446    0.7708    0.7664    0.6885   0.01439   0.01378  0.005767
     75/99     20.2G      0.02   0.01756  0.002853   0.04041       127       640    0.7585     0.725     0.772    0.7662    0.6933   0.01436   0.01378  0.005289
     76/99     20.2G   0.01993   0.01749  0.002769   0.04019       179       640    0.9197    0.6969    0.7806    0.7668    0.6944   0.01457   0.01396   0.00534
     77/99     20.2G   0.02023   0.01786  0.002781   0.04087       176       640    0.6776    0.7937    0.7746    0.7695    0.6924   0.01433   0.01371  0.005781
     78/99     20.2G   0.01991   0.01771  0.002754   0.04037       146       640     0.768    0.7671    0.7946    0.7891    0.7078   0.01462   0.01407   0.00479
     79/99     20.2G   0.01971   0.01725  0.002862   0.03982       158       640    0.8043    0.7693    0.7935    0.7649    0.7038     0.014   0.01337  0.004733
     80/99     20.2G   0.01994   0.01772  0.002778   0.04044       180       640     0.773    0.7249    0.7601    0.7441    0.6818   0.01395    0.0134  0.005108
     81/99     20.2G   0.01953   0.01708  0.002773   0.03939       133       640    0.7314    0.7853    0.7884    0.7597    0.6986   0.01397    0.0133  0.005232
     82/99     20.2G   0.01959   0.01693  0.002599   0.03912        81       640    0.6885    0.8124    0.7804    0.7598    0.7021   0.01372   0.01308  0.005646
     83/99     20.2G    0.0195   0.01693   0.00269   0.03912       107       640    0.7451    0.7664    0.7828    0.7574    0.7028   0.01356   0.01299  0.004867
     84/99     20.2G   0.01921    0.0167  0.002624   0.03853       117       640    0.7916    0.7902    0.8004    0.7953     0.722   0.01361   0.01289   0.00499
     85/99     20.2G   0.01929   0.01694  0.002744   0.03898       129       640    0.7047    0.8133    0.7686     0.764    0.6909   0.01408   0.01345  0.005065
     86/99     20.2G   0.01922    0.0168  0.002594   0.03861       118       640    0.7413    0.7836    0.7726    0.7677    0.6942   0.01425   0.01368  0.005112
     87/99     20.2G   0.01922   0.01675  0.002575   0.03855       161       640     0.713    0.7861    0.7751    0.7448     0.691   0.01376   0.01302   0.00521
     88/99     20.2G   0.01902    0.0165  0.002588   0.03811       154       640    0.7042    0.8093    0.7884     0.785    0.7131   0.01306   0.01244  0.005533
     89/99     20.2G   0.01893    0.0165   0.00271   0.03813       117       640     0.811     0.756    0.7899    0.7862    0.7122   0.01349   0.01279  0.005056
     90/99     20.2G   0.01901   0.01644  0.002646    0.0381        79       640    0.7939    0.7873      0.81    0.7837    0.7271   0.01339   0.01271  0.005419
     91/99     20.2G   0.01882   0.01628   0.00259   0.03769       169       640    0.7899    0.7476    0.7858    0.7803    0.7084   0.01401   0.01335  0.005148
     92/99     20.2G   0.01861   0.01627  0.002605   0.03748        72       640    0.6942    0.8114    0.7777    0.7732    0.7049   0.01393    0.0133  0.005464
     93/99     20.2G   0.01887   0.01645   0.00257   0.03789        74       640    0.7271    0.7992    0.7894    0.7844    0.7203   0.01355   0.01285  0.005294
     94/99     20.2G   0.01857   0.01597  0.002544   0.03709       149       640    0.7905    0.7825    0.8016    0.7987    0.7395   0.01296   0.01233  0.005445
     95/99     20.2G   0.01842   0.01582  0.002572   0.03681       154       640    0.7938    0.8177    0.7987    0.7971    0.7337   0.01302   0.01238  0.005124
     96/99     20.2G   0.01828   0.01568  0.002629   0.03659       136       640    0.6944    0.8095    0.7735    0.7577    0.7044   0.01304   0.01239   0.00523
     97/99     20.2G   0.01849   0.01572   0.00251   0.03672       158       640    0.7807    0.8009     0.794     0.772    0.7254   0.01283   0.01221  0.005205
     98/99     20.2G   0.01868    0.0163   0.00257   0.03755       126       640    0.8032     0.734    0.7746    0.7712    0.7173   0.01279   0.01219   0.00507
     99/99     20.2G   0.01834   0.01578  0.002572   0.03669       137       640    0.7155    0.8281    0.7846    0.7811    0.7282   0.01285   0.01222  0.005394
