      0/99     17.8G    0.1036   0.07693   0.02979    0.2103       241       640   0.01063  0.007627 0.0009829 4.368e-06 0.0001843    0.0971   0.07581   0.03175
      1/99     20.4G   0.08738   0.05942   0.02271    0.1695       125       640     0.477    0.2787    0.1224  0.001214   0.02475   0.08627   0.08033    0.0189
      2/99     20.4G   0.07229   0.04829   0.01735    0.1379       141       640    0.6243     0.408    0.3552   0.01686   0.09817   0.06147    0.0758   0.01995
      3/99     20.4G   0.06273   0.04439   0.01515    0.1223       209       640    0.6173    0.5111    0.5262    0.1124    0.2033   0.05526   0.08714   0.01584
      4/99     20.4G   0.05235   0.03842   0.01287    0.1036       175       640    0.7807    0.6906    0.7697    0.4066      0.42   0.03693    0.0342   0.01134
      5/99     20.4G   0.04646   0.03518   0.01163   0.09326       114       640     0.794    0.7297    0.8142    0.5722    0.5018   0.03531   0.03177   0.01176
      6/99     20.4G   0.04227   0.03264  0.009499   0.08441       158       640    0.8459    0.7693    0.8559    0.6882    0.5833    0.0295   0.02716   0.01026
      7/99     20.4G   0.03923   0.03044   0.00897   0.07863       121       640    0.8398     0.763    0.8603    0.7413    0.6034   0.02794   0.02626   0.01191
      8/99     20.4G   0.03812   0.02987   0.00823   0.07622       185       640    0.8563    0.7648    0.8781    0.7715    0.6392   0.02675   0.02578   0.01017
      9/99     20.4G   0.03656   0.02964  0.008192    0.0744       130       640    0.8918    0.7915    0.8857    0.8147    0.6734   0.02513   0.02378  0.008132
     10/99     20.4G   0.03552   0.02798  0.007283   0.07078       186       640    0.8747    0.8082    0.8895    0.8331    0.6818   0.02394   0.02311  0.008017
     11/99     20.4G   0.03375   0.02778  0.007251   0.06878       259       640    0.8769    0.8326    0.9084    0.8564    0.6986   0.02391   0.02254  0.008077
     12/99     20.4G   0.03326   0.02712  0.006714   0.06709       167       640    0.8326    0.7901    0.8843    0.8361    0.6889   0.02257   0.02171   0.00953
     13/99     20.4G   0.03221   0.02572  0.006353   0.06428       176       640    0.8773    0.8263    0.9004    0.8613    0.7133   0.02201    0.0212  0.007199
     14/99     20.4G   0.03173   0.02578  0.005962   0.06347       297       640    0.8134    0.8077    0.8945    0.8463    0.6947   0.02271   0.02201  0.009723
     15/99     20.4G   0.03093   0.02564  0.005808   0.06239       207       640     0.854    0.8386    0.9029    0.8663    0.7236   0.02092    0.0207  0.008166
     16/99     20.4G   0.03043   0.02501  0.005581   0.06102       211       640    0.8724    0.8622    0.9115    0.8832    0.7443   0.02041      0.02  0.006661
     17/99     20.4G   0.02952   0.02467  0.005389   0.05957       214       640    0.8003    0.8299    0.8611    0.8355    0.7152   0.01961   0.01875  0.009519
     18/99     20.4G   0.02933   0.02405  0.005262   0.05864       241       640    0.8544    0.8779    0.9163    0.8937     0.757   0.01933   0.01856  0.007299
     19/99     20.4G   0.02918   0.02401  0.005172   0.05836       235       640    0.8755    0.8817    0.9153    0.8924    0.7583   0.01978     0.019  0.006127
     20/99     20.4G   0.02877   0.02352  0.005042   0.05733       212       640    0.8723    0.8652    0.9072    0.8862    0.7657   0.01876   0.01836  0.006409
     21/99     20.4G   0.02803   0.02339  0.005051   0.05647       205       640    0.8757     0.864    0.9066    0.8869    0.7645   0.01895    0.0183  0.006306
     22/99     20.4G   0.02802   0.02292  0.004848   0.05579       185       640    0.8849    0.8597    0.9213    0.9008     0.769    0.0193   0.01829  0.006494
     23/99     20.4G   0.02751   0.02237  0.004437   0.05432       112       640    0.9017    0.8958    0.9277    0.9087    0.7779   0.01859   0.01771  0.005759
     24/99     20.4G   0.02667   0.02186  0.004403   0.05294       205       640    0.9102    0.8674    0.9215    0.9036    0.7885   0.01764   0.01727  0.005718
     25/99     20.4G   0.02687   0.02244  0.004588   0.05389       217       640    0.9072    0.8817    0.9312    0.9191    0.7969   0.01754   0.01674  0.006305
     26/99     20.4G   0.02634   0.02187  0.004389   0.05259       172       640    0.8944    0.8962    0.9274    0.9082    0.7859   0.01782   0.01691  0.006167
     27/99     20.4G    0.0266   0.02195  0.004237   0.05278       198       640    0.8954    0.8768    0.9255    0.9115    0.7964   0.01736    0.0169  0.006394
     28/99     20.4G   0.02615    0.0219  0.004245   0.05229       143       640     0.884     0.909     0.929    0.9151    0.8039   0.01709   0.01692  0.004978
     29/99     20.4G   0.02585   0.02159  0.004189   0.05163       177       640    0.9145    0.8971    0.9343    0.9231    0.8152    0.0165   0.01594  0.005327
     30/99     20.4G   0.02565   0.02133  0.004188   0.05117       153       640    0.8998    0.8973    0.9353    0.9234    0.8079   0.01692   0.01626  0.005592
     31/99     20.4G   0.02523   0.02117   0.00403   0.05044       253       640    0.9049    0.8749    0.9208     0.902    0.7801   0.01787   0.01779  0.005421
     32/99     20.4G   0.02506   0.02124   0.00399   0.05029       218       640    0.9026     0.897    0.9297    0.9157    0.8065   0.01683   0.01637  0.006562
     33/99     20.4G   0.02483    0.0205  0.003957   0.04929       184       640    0.8734    0.9066    0.9236    0.9134    0.8041   0.01672   0.01606  0.005913
     34/99     20.4G   0.02485   0.02079  0.003716   0.04936       200       640    0.9046    0.8768    0.9312    0.9208    0.8222   0.01619   0.01589  0.005348
     35/99     20.4G   0.02437   0.02027  0.003867    0.0485       226       640     0.856    0.8756    0.9112    0.9019    0.8059   0.01596   0.01543    0.0065
     36/99     20.4G   0.02455    0.0206  0.003749   0.04889       215       640    0.9347    0.9051     0.942    0.9335    0.8261   0.01614   0.01552  0.004578
     37/99     20.4G   0.02403   0.02019  0.003618   0.04784       190       640    0.9313    0.9141      0.95    0.9434    0.8362   0.01622   0.01566  0.003959
     38/99     20.4G   0.02424   0.02066  0.003591   0.04849       164       640    0.8583    0.9095    0.9193    0.9099    0.8085   0.01582   0.01535  0.005299
     39/99     20.4G   0.02369   0.01966  0.003536   0.04688       202       640    0.9012    0.9056    0.9388    0.9284    0.8307   0.01558   0.01501  0.005475
     40/99     20.4G   0.02369   0.01955  0.003611   0.04686       193       640    0.8903    0.8961     0.927    0.9155    0.8168   0.01605   0.01546  0.005171
     41/99     20.4G   0.02366   0.01975  0.003447   0.04685       239       640    0.9284     0.903    0.9488    0.9403    0.8362   0.01587   0.01515   0.00435
     42/99     20.4G   0.02338   0.01979  0.003431    0.0466       160       640    0.8965    0.9021    0.9354    0.9238    0.8268   0.01572   0.01519  0.004756
     43/99     20.4G   0.02324   0.01952  0.003442   0.04621       168       640     0.946    0.9214    0.9546    0.9455    0.8502   0.01547   0.01486  0.003699
     44/99     20.4G   0.02317   0.01926  0.003412   0.04585       203       640    0.9242    0.9208    0.9467    0.9398    0.8399   0.01531   0.01471   0.00463
     45/99     20.4G   0.02259   0.01926  0.003261   0.04511       218       640    0.9066    0.9093    0.9356    0.9278    0.8349   0.01524   0.01474  0.004814
     46/99     20.4G   0.02263   0.01889  0.003172   0.04469       187       640    0.9352    0.9182    0.9487    0.9414    0.8532   0.01483   0.01427   0.00425
     47/99     20.4G   0.02235   0.01913  0.003205   0.04468       136       640    0.9249      0.92    0.9497    0.9419    0.8438   0.01527   0.01465  0.004504
     48/99     20.4G    0.0225   0.01895  0.003221   0.04467       268       640    0.8831    0.9086    0.9297    0.9223    0.8375    0.0148   0.01442  0.005202
     49/99     20.4G   0.02218   0.01882  0.003202    0.0442       189       640    0.9278     0.923    0.9539    0.9482     0.855     0.015    0.0144  0.004041
     50/99     20.4G   0.02221   0.01886  0.003038   0.04412       178       640    0.9375    0.9141    0.9483    0.9422    0.8534   0.01477   0.01438  0.003943
     51/99     20.4G    0.0219   0.01848  0.002962   0.04335       244       640    0.9176    0.9193    0.9452    0.9406    0.8447   0.01488   0.01427   0.00494
     52/99     20.4G   0.02168    0.0184  0.003096   0.04317       270       640    0.9295    0.9154    0.9493    0.9452    0.8563   0.01476   0.01403  0.004317
     53/99     20.4G    0.0215   0.01816   0.00297   0.04263       158       640    0.9392    0.9194     0.955    0.9498    0.8675   0.01452   0.01398  0.003809
     54/99     20.4G   0.02139     0.018   0.00301    0.0424       245       640    0.9337      0.92     0.952    0.9463    0.8661   0.01425   0.01372  0.004557
     55/99     20.4G   0.02109   0.01809  0.002898   0.04207       216       640    0.9311     0.924    0.9506    0.9458    0.8649   0.01424    0.0136  0.004053
     56/99     20.4G   0.02123   0.01793  0.003009   0.04217       236       640    0.9369    0.9196    0.9562    0.9509    0.8642   0.01467   0.01403  0.003618
     57/99     20.4G   0.02103   0.01778  0.002872   0.04168       156       640    0.9314    0.9337    0.9529    0.9478    0.8657   0.01412    0.0135  0.003744
     58/99     20.4G   0.02103   0.01761  0.002895   0.04153       176       640    0.9377    0.9286    0.9535    0.9512    0.8686   0.01408   0.01352  0.003735
     59/99     20.4G   0.02083   0.01825  0.002806   0.04189       260       640    0.9359    0.9001    0.9461    0.9405    0.8612   0.01399   0.01334   0.00533
     60/99     20.4G   0.02098   0.01744  0.002757   0.04117       218       640    0.9171    0.9247    0.9516    0.9478    0.8669   0.01411   0.01348  0.004311
     61/99     20.4G   0.02035   0.01741  0.002814   0.04058       110       640    0.9266     0.934    0.9557    0.9529    0.8769   0.01389   0.01321  0.003917
     62/99     20.4G   0.02032   0.01702  0.002735   0.04007       244       640    0.9406    0.9318    0.9521    0.9489    0.8732   0.01385   0.01312  0.003482
     63/99     20.4G   0.02019   0.01728  0.002673   0.04015       136       640    0.9308    0.9418    0.9638    0.9596    0.8787   0.01396   0.01328  0.003429
     64/99     20.4G   0.02017   0.01722  0.002646   0.04004       142       640    0.9201    0.9148    0.9473    0.9409    0.8602   0.01413    0.0133  0.004589
     65/99     20.4G   0.02007   0.01687  0.002744   0.03969       171       640    0.9314    0.9349    0.9557    0.9533     0.876   0.01388   0.01312  0.004008
     66/99     20.4G   0.01998    0.0169  0.002617   0.03949       173       640    0.9326    0.9264    0.9556    0.9498    0.8753   0.01361   0.01307  0.004057
     67/99     20.4G   0.01993   0.01696   0.00258   0.03947       158       640    0.9266    0.9283    0.9553    0.9513    0.8718   0.01387   0.01299  0.003711
     68/99     20.4G   0.01942   0.01637  0.002517    0.0383       148       640    0.9339    0.9189    0.9495    0.9476    0.8725   0.01357    0.0129  0.003688
     69/99     20.4G   0.01962   0.01651  0.002532   0.03866       188       640      0.94     0.939    0.9561    0.9538    0.8751   0.01378   0.01298  0.003334
     70/99     20.4G   0.01953    0.0166  0.002473   0.03861       243       640    0.9302    0.9288    0.9548    0.9521    0.8801   0.01342   0.01275  0.004175
     71/99     20.4G    0.0196   0.01691  0.002463   0.03897       216       640    0.9267    0.9424    0.9541    0.9517    0.8748   0.01369   0.01292  0.003576
     72/99     20.4G   0.01931   0.01636  0.002487   0.03815       140       640    0.9352    0.9362    0.9586    0.9554    0.8843   0.01337   0.01264  0.003402
     73/99     20.4G   0.01973   0.01686  0.002378   0.03897       220       640    0.9368    0.9292    0.9488    0.9465    0.8727   0.01349   0.01269  0.003604
     74/99     20.4G   0.01929   0.01647  0.002534   0.03829       188       640    0.9448    0.9353    0.9618    0.9583    0.8778   0.01365   0.01281  0.003445
     75/99     20.4G   0.01943   0.01686  0.002327   0.03862       164       640    0.9442    0.9326    0.9598    0.9579    0.8812   0.01366   0.01282  0.003351
     76/99     20.4G   0.01928   0.01646  0.002353   0.03809       192       640    0.9424    0.9372    0.9586     0.956    0.8872    0.0133    0.0125   0.00359
     77/99     20.4G   0.01893   0.01642  0.002389   0.03774       242       640    0.9366    0.9323    0.9568    0.9553    0.8768   0.01348   0.01263   0.00355
     78/99     20.4G   0.01883   0.01607  0.002357   0.03725       124       640    0.9433    0.9388     0.961    0.9591    0.8856   0.01348   0.01261   0.00315
     79/99     20.4G   0.01901   0.01626  0.002372   0.03765       205       640    0.9338    0.9433    0.9628    0.9604    0.8902   0.01329   0.01259  0.003194
     80/99     20.4G   0.01881   0.01589  0.002291   0.03699       198       640    0.9391    0.9359    0.9609     0.959    0.8859   0.01335    0.0126  0.003564
     81/99     20.4G   0.01862   0.01586  0.002258   0.03674       187       640    0.9401    0.9278    0.9593    0.9571    0.8869   0.01323   0.01253  0.003563
     82/99     20.4G   0.01874   0.01557  0.002376   0.03668       190       640    0.9413    0.9323    0.9599    0.9569    0.8906   0.01311   0.01236  0.003582
     83/99     20.4G   0.01884   0.01639  0.002277    0.0375       261       640    0.9416    0.9405    0.9607    0.9589    0.8885   0.01319    0.0125  0.003158
     84/99     20.4G   0.01857   0.01583  0.002242   0.03665       197       640      0.94    0.9294    0.9582    0.9569    0.8923     0.013   0.01216  0.003655
     85/99     20.4G    0.0184   0.01585  0.002221   0.03648       251       640    0.9429    0.9438    0.9584    0.9565    0.8842   0.01332   0.01254  0.003056
     86/99     20.4G   0.01852   0.01571   0.00226   0.03649       196       640    0.9359    0.9443    0.9584    0.9568    0.8856    0.0132   0.01237  0.003462
     87/99     20.4G   0.01814   0.01562  0.002189   0.03595       201       640    0.9385    0.9415    0.9599    0.9575    0.8917   0.01295   0.01218    0.0034
     88/99     20.4G   0.01827   0.01524  0.002172   0.03568       222       640      0.94    0.9369    0.9589    0.9561    0.8901   0.01311    0.0122  0.003375
     89/99     20.4G   0.01835   0.01549  0.002191   0.03603       223       640    0.9321    0.9455    0.9604    0.9579    0.8869   0.01319   0.01241  0.003372
     90/99     20.4G   0.01813    0.0155  0.002162   0.03579       175       640    0.9372    0.9445    0.9601    0.9589    0.8902   0.01313   0.01228  0.003207
     91/99     20.4G   0.01833   0.01535  0.002195   0.03587       200       640    0.9501     0.937     0.963    0.9606    0.8945   0.01302   0.01218  0.003217
     92/99     20.4G   0.01827   0.01567   0.00221   0.03615       146       640    0.9433    0.9415    0.9599    0.9583    0.8955   0.01274   0.01192  0.003433
     93/99     20.4G   0.01815   0.01516  0.002164   0.03547       161       640     0.935    0.9466    0.9594    0.9568    0.8886   0.01305   0.01221  0.003473
     94/99     20.4G   0.01818    0.0153  0.002056   0.03554       206       640     0.947     0.944    0.9626    0.9609     0.896   0.01283   0.01207    0.0032
     95/99     20.4G    0.0182   0.01515  0.002108   0.03545       180       640    0.9419    0.9392    0.9626     0.961    0.8966   0.01273   0.01199  0.003462
     96/99     20.4G    0.0181   0.01513  0.002053   0.03529       229       640    0.9415    0.9444    0.9602    0.9587    0.8916   0.01288   0.01211  0.003151
     97/99     20.4G   0.01801   0.01495  0.002086   0.03505       167       640    0.9433    0.9385    0.9602    0.9582    0.8957   0.01281   0.01203  0.003238
     98/99     20.4G   0.01788   0.01513  0.002028   0.03504       173       640    0.9456    0.9374    0.9584    0.9575    0.8944   0.01273    0.0119  0.003165
     99/99     20.4G   0.01785   0.01507  0.002003   0.03493       171       640    0.9403    0.9401    0.9578    0.9568    0.8933   0.01271   0.01193  0.003373
