      0/99     20.2G    0.1039   0.07412   0.03381    0.2118       233       640   0.01062    0.1537  0.003368 9.914e-06  0.000542   0.09647   0.08691   0.03665
      1/99     22.3G   0.08525   0.05817   0.02331    0.1667       135       640  0.001083  0.006025 0.0001505 6.371e-07 2.693e-05    0.1122    0.8647   0.05259
      2/99     22.3G   0.07338   0.05016   0.01832    0.1419       143       640    0.5674    0.2698    0.2808   0.06322     0.111   0.07206    0.1088   0.02391
      3/99     22.3G   0.06335   0.04612   0.01672    0.1262       126       640     0.678    0.4557    0.4609    0.1063    0.1863   0.05184   0.04174    0.0153
      4/99     22.3G   0.05407   0.04173   0.01411    0.1099       217       640    0.7559    0.5125    0.5445    0.2595    0.2808    0.0404    0.0384   0.01382
      5/99     22.3G   0.04837   0.03813   0.01218   0.09868       177       640    0.7873    0.5185    0.5611    0.3292    0.3212   0.03556   0.03957   0.01344
      6/99     22.3G   0.04445   0.03566   0.01056   0.09067       195       640    0.8364    0.5482    0.6131    0.4373    0.3867   0.03297     0.037   0.01203
      7/99     22.3G   0.04159   0.03359   0.00955   0.08473       185       640    0.8602    0.5446    0.6077    0.4566    0.3929   0.03349   0.03997   0.01084
      8/99     22.3G   0.03958   0.03246  0.008951   0.08099       198       640    0.9149    0.5838    0.6746    0.5835    0.4845   0.02693   0.02798  0.008954
      9/99     22.3G   0.03825   0.03138  0.008524   0.07815       205       640    0.8829    0.5493    0.6776    0.5474    0.4732   0.02657   0.02727   0.01336
     10/99     22.3G   0.03687    0.0309  0.008027   0.07579       164       640    0.8802     0.601    0.6974    0.5911    0.5042    0.0265   0.02609   0.01013
     11/99     22.3G   0.03499   0.02985  0.007771   0.07261       266       640    0.8868    0.6002     0.709    0.6351    0.5258   0.02417   0.02467  0.009912
     12/99     22.3G   0.03474   0.02883  0.007258   0.07084       218       640    0.9163    0.6168    0.7363    0.6407    0.5503   0.02377   0.02377  0.008353
     13/99     22.3G   0.03389   0.02844  0.006994   0.06932       188       640     0.859    0.6272    0.6857    0.6397    0.5332    0.0228   0.02334  0.009187
     14/99     22.3G    0.0329   0.02773  0.006617   0.06725       226       640    0.8742     0.572    0.6575    0.5914    0.4982   0.02419   0.02437   0.01457
     15/99     22.3G   0.03243   0.02698  0.006453   0.06586       202       640    0.9007    0.6374    0.6942    0.6466    0.5369   0.02242   0.02229  0.007609
     16/99     22.3G   0.03194    0.0272  0.006379   0.06552       212       640    0.8932    0.6278    0.6899    0.6525    0.5494   0.02124   0.02135  0.008271
     17/99     22.3G    0.0311   0.02659  0.006101   0.06379       150       640    0.8763     0.623    0.6852    0.6462    0.5421    0.0209   0.02092  0.008723
     18/99     22.3G   0.03062   0.02605  0.005872   0.06254       196       640    0.9163    0.6388    0.7063    0.6779    0.5719   0.02041   0.02032  0.007388
     19/99     22.3G   0.03009   0.02545  0.005726   0.06127       141       640    0.9117    0.6358    0.6948    0.6712    0.5755   0.02019   0.02032  0.007359
     20/99     22.3G   0.03005   0.02537  0.005717   0.06114       154       640    0.9246    0.6323    0.7048    0.6753    0.5705   0.02039   0.02031  0.007215
     21/99     22.3G   0.02928   0.02467  0.005417   0.05937       166       640    0.9117    0.6469    0.6995    0.6739    0.5645   0.02085    0.0207  0.006819
     22/99     22.3G   0.02902   0.02444  0.005454   0.05892       162       640    0.9064    0.6269    0.6946    0.6751    0.5765   0.01918   0.01918  0.008256
     23/99     22.3G   0.02856   0.02403  0.005212    0.0578       282       640    0.9155    0.6159    0.7017     0.673    0.5746   0.01948   0.01966  0.008578
     24/99     22.3G   0.02845   0.02417  0.004936   0.05756       183       640    0.9189    0.6529    0.7016    0.6822    0.5892   0.01893   0.01883  0.007033
     25/99     22.3G   0.02803   0.02355  0.004958   0.05653       157       640     0.877    0.6152    0.6684    0.6473    0.5643    0.0182   0.01835  0.008473
     26/99     22.3G   0.02768   0.02388  0.004922   0.05648       237       640    0.9132     0.624    0.6922    0.6645    0.5656   0.01956    0.0197  0.007949
     27/99     22.3G   0.02742   0.02352  0.004946   0.05588       211       640    0.9042    0.6445    0.7028    0.6826    0.5901   0.01849   0.01815   0.00866
     28/99     22.3G   0.02688   0.02284  0.004801   0.05452       209       640    0.9273    0.6369    0.7053    0.6839    0.5888   0.01819   0.01805  0.006364
     29/99     22.3G   0.02722   0.02306  0.004815   0.05509       180       640     0.896    0.6537    0.7119    0.6976    0.6122   0.01748    0.0176  0.007042
     30/99     22.3G   0.02677   0.02287  0.004786   0.05443       133       640     0.917    0.6504    0.7001    0.6869    0.5875   0.01836   0.01826  0.006093
     31/99     22.3G   0.02636   0.02273  0.004551   0.05364       244       640    0.9063    0.6338    0.6984    0.6807    0.6018   0.01732   0.01741  0.007004
     32/99     22.3G   0.02608   0.02261  0.004545   0.05323       334       640    0.9214    0.6523    0.7089    0.6951    0.6058   0.01745   0.01736  0.006687
     33/99     22.3G   0.02599   0.02242  0.004605   0.05301       177       640    0.9298    0.6479    0.7149    0.7028    0.6143   0.01735    0.0172  0.006535
     34/99     22.3G     0.026   0.02216  0.004456   0.05261       209       640    0.9026    0.6542    0.7082    0.6884    0.5977   0.01772   0.01782  0.006766
     35/99     22.3G   0.02539   0.02232  0.004469   0.05218       195       640    0.9077    0.6476    0.7139    0.7006    0.6169   0.01683   0.01669  0.007826
     36/99     22.3G   0.02543   0.02171  0.004381   0.05152       169       640    0.9267    0.6594     0.716    0.6965    0.6125    0.0173   0.01719  0.005912
     37/99     22.3G   0.02511   0.02128  0.004217    0.0506       151       640     0.927    0.6547     0.718    0.7055     0.621   0.01665   0.01644  0.006474
     38/99     22.3G   0.02483   0.02114  0.004123   0.05009       263       640    0.9285    0.6619    0.7432    0.7294    0.6484   0.01663   0.01635  0.005544
     39/99     22.3G   0.02474   0.02174  0.004201   0.05069       176       640    0.9224    0.6511    0.7241    0.7104    0.6223   0.01676    0.0164  0.006049
     40/99     22.3G   0.02442   0.02081  0.004197   0.04943       190       640     0.922    0.6656    0.7234    0.7138    0.6263   0.01648   0.01646  0.006089
     41/99     22.3G   0.02403   0.02075  0.004032   0.04882       191       640    0.9322    0.6505    0.7232     0.713    0.6268   0.01647   0.01637  0.006116
     42/99     22.3G   0.02442   0.02139  0.003961   0.04978       169       640    0.9441    0.6561    0.7153    0.7026    0.6199   0.01656   0.01624  0.005858
     43/99     22.3G   0.02384   0.02037  0.003869   0.04808       198       640    0.9309    0.6484    0.7199    0.7099     0.623   0.01621   0.01613  0.006124
     44/99     22.3G   0.02385   0.02055   0.00402   0.04842       277       640    0.9313    0.6526    0.7333    0.7205    0.6404   0.01615   0.01603  0.005709
     45/99     22.3G   0.02389   0.02064  0.003824   0.04835       246       640    0.9248    0.6571    0.7328    0.7231    0.6473   0.01583   0.01576  0.005937
     46/99     22.3G   0.02383   0.02034   0.00386   0.04804       276       640    0.9204    0.6424    0.7426    0.7324    0.6499   0.01599   0.01573  0.007429
     47/99     22.3G   0.02324   0.02026  0.003976   0.04748       166       640    0.9363    0.6602    0.7317    0.7273    0.6453   0.01563   0.01542  0.005799
     48/99     22.3G   0.02329   0.01969  0.003828   0.04681       163       640    0.9486    0.6516    0.7377    0.7277    0.6462   0.01579   0.01542  0.006146
     49/99     22.3G   0.02293      0.02  0.003731   0.04666       172       640    0.9035    0.6611    0.7561    0.7501    0.6693   0.01592   0.01566  0.006588
     50/99     22.3G    0.0229   0.02012  0.003643   0.04666       141       640    0.9307    0.6587    0.7535    0.7386    0.6556   0.01571   0.01533  0.006304
     51/99     22.3G   0.02306   0.02018  0.003634   0.04687       193       640    0.9298    0.6675    0.7299    0.7202    0.6424    0.0155   0.01517  0.005781
     52/99     22.3G   0.02296   0.01968  0.003541   0.04619       136       640    0.9276    0.6622    0.7338    0.7243    0.6495   0.01539    0.0152  0.006195
     53/99     22.3G    0.0226   0.01958  0.003512    0.0457       205       640    0.9277    0.6638     0.733     0.723     0.648   0.01548   0.01511  0.005961
     54/99     22.3G   0.02285   0.01985  0.003466   0.04617       179       640    0.9335    0.6663    0.7358    0.7281    0.6565   0.01493   0.01478  0.005441
     55/99     22.3G   0.02234   0.01946  0.003425   0.04522       194       640     0.918     0.672    0.7503    0.7402     0.671   0.01482   0.01452  0.005609
     56/99     22.3G   0.02229   0.01946   0.00339   0.04515       167       640    0.9293    0.6649     0.787    0.7816    0.7002   0.01542   0.01503  0.005447
     57/99     22.3G   0.02197   0.01904  0.003392    0.0444       192       640    0.9288    0.6685    0.7764     0.769     0.695   0.01497   0.01471  0.005316
     58/99     22.3G   0.02185   0.01907  0.003304   0.04422       253       640    0.9494    0.6492    0.7465     0.737    0.6665   0.01475   0.01423  0.005905
     59/99     22.3G   0.02167   0.01901  0.003264   0.04395       174       640    0.9263    0.6585    0.7654    0.7557    0.6919    0.0144   0.01405  0.005618
     60/99     22.3G   0.02164   0.01901   0.00325    0.0439       146       640    0.9295    0.6794    0.7649    0.7573    0.6796   0.01498   0.01461  0.005084
     61/99     22.3G   0.02164   0.01913  0.003162   0.04393       170       640    0.9407     0.658    0.7522    0.7439     0.676   0.01471   0.01421  0.005482
     62/99     22.3G   0.02138   0.01879  0.003257   0.04342       146       640    0.6275    0.7941    0.7745    0.7663    0.6931   0.01476   0.01428  0.005945
     63/99     22.3G   0.02144   0.01901  0.003206   0.04365       155       640    0.6412    0.7865    0.7916     0.778    0.7059   0.01439   0.01399  0.005649
     64/99     22.3G   0.02122   0.01826  0.003061   0.04254       192       640    0.9475    0.6482    0.7692    0.7633    0.6905   0.01456   0.01402  0.005461
     65/99     22.3G   0.02111   0.01846  0.003112   0.04268       166       640    0.9426    0.6604    0.7856    0.7698     0.706   0.01418   0.01377  0.005428
     66/99     22.3G   0.02081   0.01814  0.003094   0.04204       178       640    0.9207    0.6653    0.7835    0.7793    0.7014   0.01449   0.01397  0.005641
     67/99     22.3G   0.02077   0.01837   0.00303   0.04218       221       640    0.9389    0.6567    0.7698     0.766    0.6924   0.01436   0.01387  0.005374
     68/99     22.3G   0.02063   0.01806  0.003028   0.04172       194       640     0.934    0.6651    0.7417    0.7321    0.6634   0.01456    0.0141  0.005609
     69/99     22.3G   0.02066   0.01815  0.002885    0.0417       186       640    0.6265    0.8283    0.7893    0.7639    0.6979   0.01429   0.01381  0.005303
     70/99     22.3G   0.02048   0.01795  0.002975   0.04141       162       640    0.9283    0.6758    0.7544    0.7452    0.6828   0.01408   0.01355  0.005136
     71/99     22.3G   0.02043   0.01774   0.00287   0.04104       152       640    0.6056    0.8274    0.7868    0.7751    0.7086   0.01401   0.01358  0.005354
     72/99     22.3G    0.0204   0.01803  0.002794   0.04123       187       640    0.6221     0.822    0.7876    0.7752    0.7061   0.01427   0.01368  0.005421
     73/99     22.3G   0.02016   0.01734  0.002863   0.04036       178       640    0.6668    0.8216    0.7945    0.7858    0.7193   0.01394   0.01337  0.005652
     74/99     22.3G   0.02003   0.01759  0.002937   0.04056       212       640    0.5843    0.8195     0.768     0.758    0.6936   0.01393   0.01335  0.006098
     75/99     22.3G   0.02032   0.01766  0.003037   0.04102       229       640    0.6221     0.839    0.7939    0.7769    0.7146   0.01389    0.0134   0.00664
     76/99     22.3G    0.0201   0.01772  0.003004   0.04083       245       640    0.6147    0.8434    0.7897      0.77    0.7069   0.01382   0.01328  0.006016
     77/99     22.3G    0.0201   0.01736  0.002816   0.04027       160       640    0.6379    0.8576    0.7879    0.7655    0.7037   0.01384   0.01327  0.005788
     78/99     22.3G   0.02008   0.01755  0.002805   0.04043       194       640    0.6906     0.784    0.7878    0.7626    0.6996   0.01402    0.0134  0.005615
     79/99     22.3G   0.01989   0.01747  0.002687   0.04004       149       640    0.6781    0.8608    0.8012     0.781    0.7182   0.01389   0.01329  0.005604
     80/99     22.3G   0.01983   0.01736  0.002781   0.03997       160       640    0.6142    0.8395    0.7655    0.7554    0.6886   0.01401   0.01345  0.005326
     81/99     22.3G   0.01961   0.01706  0.002767   0.03944       217       640    0.7444    0.7949     0.801     0.774    0.7088   0.01404   0.01337  0.006209
     82/99     22.3G   0.01933   0.01694  0.002647   0.03892       232       640     0.838    0.7339    0.7778    0.7662    0.6987   0.01389   0.01337  0.005212
     83/99     22.3G   0.01969   0.01721   0.00272   0.03962       307       640    0.6843    0.7965     0.775     0.756    0.6922   0.01404   0.01341  0.005636
     84/99     22.3G   0.01939   0.01679  0.002564   0.03874       200       640    0.7097    0.7661    0.7721    0.7476    0.6955    0.0134   0.01292  0.005738
     85/99     22.3G    0.0196   0.01715  0.002639   0.03938        81       640    0.8115    0.7413    0.7809    0.7535    0.6941   0.01379   0.01321  0.005418
     86/99     22.3G   0.01947    0.0172   0.00265   0.03933       188       640    0.7332    0.7661    0.7822    0.7632    0.7027   0.01377   0.01312  0.005928
     87/99     22.3G   0.01949   0.01675   0.00261   0.03885       189       640    0.7567     0.766    0.7826    0.7621    0.6997   0.01411   0.01342  0.005269
     88/99     22.3G   0.01954   0.01709  0.002588   0.03922       158       640     0.753    0.7741    0.7958    0.7771    0.7188   0.01362   0.01299  0.005272
     89/99     22.3G   0.01927   0.01666  0.002494   0.03842       153       640    0.8053    0.7638    0.7985    0.7722     0.712   0.01356   0.01299  0.005764
     90/99     22.3G   0.01912   0.01687  0.002374   0.03836       219       640    0.8117    0.7591    0.8005    0.7724    0.7145   0.01368   0.01305   0.00591
     91/99     22.3G    0.0189   0.01651  0.002503   0.03792       194       640    0.8263    0.7818    0.8135    0.7848    0.7278   0.01378   0.01307   0.00579
     92/99     22.3G   0.01886   0.01644  0.002443   0.03774       167       640    0.9305    0.7489    0.8249    0.7902    0.7347   0.01359    0.0129  0.005157
     93/99     22.3G   0.01914   0.01665  0.002445   0.03823       232       640    0.8333    0.7711     0.814    0.7928    0.7344    0.0135   0.01282  0.005929
     94/99     22.3G   0.01933   0.01686  0.002418   0.03861       140       640    0.7655    0.7593    0.7884    0.7701    0.7112   0.01374   0.01305  0.005789
     95/99     22.3G   0.01928   0.01698  0.002512   0.03877       181       640    0.7636      0.78     0.775    0.7639    0.7023   0.01362   0.01295  0.005238
     96/99     22.3G   0.01903   0.01678  0.002385   0.03819       170       640    0.7963    0.7734    0.8013    0.7822    0.7223   0.01363   0.01292  0.005703
     97/99     22.3G   0.01893   0.01633  0.002349   0.03762       160       640    0.7812    0.7554    0.7858     0.771    0.7113   0.01345   0.01277  0.006165
     98/99     22.3G   0.01895   0.01652  0.002371   0.03783       175       640    0.7742    0.7757    0.7845    0.7653    0.7103   0.01328   0.01262  0.005758
     99/99     22.3G    0.0189   0.01627  0.002371   0.03754       188       640    0.8955    0.7578    0.8188    0.7853    0.7261   0.01354   0.01281  0.005509
