      0/99     18.6G     0.105   0.07323   0.03429    0.2126       357       640 0.0006139   0.04528 0.0001587 1.195e-06 2.865e-05   0.09638   0.07872   0.03383
      1/99     20.8G   0.08816   0.05922   0.02427    0.1717       419       640   0.07998   0.05017   0.02193 0.0001587  0.003912   0.08853   0.08962   0.02556
      2/99     20.8G   0.07397   0.05051   0.01858    0.1431       318       640    0.5458    0.3019     0.343    0.0674    0.1345   0.05486   0.05249   0.02035
      3/99     20.8G   0.06587   0.04752   0.01663      0.13       351       640   0.04608   0.04296   0.01411 4.028e-05  0.002619   0.09555    0.7232   0.03148
      4/99     20.8G   0.06703   0.04559   0.01644    0.1291       385       640    0.6011    0.3801    0.3437   0.06936    0.1301   0.05543   0.05322   0.01437
      5/99     20.8G    0.0606   0.04201   0.01443     0.117       433       640    0.6804     0.417    0.4454    0.1854    0.2159   0.04668   0.04695   0.02026
      6/99     20.8G   0.05478   0.03881   0.01291    0.1065       363       640    0.7655    0.4623     0.503    0.2053    0.2448   0.04531   0.05192     0.013
      7/99     20.8G   0.05069   0.03657   0.01161   0.09887       268       640    0.8258      0.47    0.5496    0.2111    0.2694   0.04469   0.05027   0.01488
      8/99     20.8G   0.04575   0.03385    0.0103   0.08991       285       640    0.8298    0.6007    0.6506    0.5269    0.4354   0.03154   0.02813    0.0101
      9/99     20.8G   0.04212   0.03204  0.009391   0.08355       365       640     0.848    0.5617    0.6249    0.4947    0.4071   0.03202   0.03194   0.01055
     10/99     20.8G   0.03969   0.03107  0.008853   0.07961       394       640    0.8528    0.5794    0.6592    0.5558    0.4652   0.02696   0.02517   0.01023
     11/99     20.8G   0.03774    0.0295  0.008181   0.07542       334       640    0.8651    0.6073    0.7165    0.6043    0.5037   0.02549   0.02439   0.00982
     12/99     20.8G   0.03613   0.02819   0.00755   0.07186       341       640    0.7574    0.6098    0.5545     0.501    0.4127   0.02656   0.02478   0.02029
     13/99     20.8G   0.03537   0.02794  0.007292    0.0706       341       640    0.8792    0.6061    0.6923    0.6079    0.5013   0.02419    0.0226  0.009095
     14/99     20.8G   0.03409   0.02762  0.006706   0.06842       356       640     0.908     0.608    0.7109    0.6537    0.5367   0.02272   0.02185  0.008909
     15/99     20.8G   0.03309    0.0265  0.006722    0.0663       293       640    0.8884     0.619    0.6888     0.657    0.5508   0.02163   0.02063   0.00845
     16/99     20.8G   0.03278   0.02639   0.00634   0.06551       389       640    0.8958    0.6107    0.6846    0.6406    0.5415   0.02094   0.02021  0.008545
     17/99     20.8G     0.032   0.02603   0.00598   0.06401       378       640    0.9002    0.5801     0.656    0.6207    0.5217   0.02101    0.0204   0.01014
     18/99     20.8G   0.03067   0.02482  0.006051   0.06155       404       640    0.9073    0.6425    0.7006    0.6732    0.5683   0.02014   0.01908  0.007763
     19/99     20.8G   0.03105   0.02488     0.006   0.06192       426       640    0.8817    0.6309    0.6945    0.6661    0.5634   0.02013   0.01919   0.01009
     20/99     20.8G   0.03032   0.02484  0.005694   0.06085       312       640    0.8485     0.621    0.6429    0.6078    0.5157    0.0217   0.02132  0.008367
     21/99     20.8G   0.02986   0.02452  0.005507   0.05989       426       640    0.9179    0.6584    0.6994    0.6767    0.5804   0.01934   0.01884   0.00624
     22/99     20.8G   0.02938   0.02374  0.005383    0.0585       411       640    0.9342    0.6432    0.7034    0.6849    0.5813    0.0195   0.01844  0.006512
     23/99     20.8G   0.02856    0.0233  0.005231   0.05709       359       640    0.9278    0.6255    0.6821    0.6599    0.5622   0.01955   0.01883  0.007651
     24/99     20.8G   0.02858   0.02359  0.005128    0.0573       271       640    0.9329    0.6481    0.7104    0.6969    0.5978   0.01836   0.01746  0.006031
     25/99     20.8G   0.02819   0.02317  0.005026   0.05639       385       640    0.9224    0.6702    0.7221    0.7095    0.6147   0.01791   0.01718  0.005787
     26/99     20.8G   0.02728   0.02259  0.005224    0.0551       406       640    0.9055    0.6648    0.7068    0.6953    0.6021   0.01763     0.017  0.006078
     27/99     20.8G    0.0278   0.02256  0.005014   0.05538       424       640    0.9387    0.6395    0.7104    0.6946    0.6053    0.0172   0.01646   0.00708
     28/99     20.8G   0.02739   0.02236  0.004657   0.05441       352       640    0.9392    0.6484    0.7155    0.7018    0.6136   0.01715   0.01642  0.005804
     29/99     20.8G   0.02666    0.0218  0.004655   0.05312       378       640     0.896    0.6528     0.695    0.6756    0.5961   0.01728   0.01671  0.006744
     30/99     20.8G   0.02702   0.02193  0.004454    0.0534       339       640    0.9105    0.6558    0.7035    0.6932     0.604   0.01749    0.0165  0.006138
     31/99     20.8G   0.02643   0.02128  0.004546   0.05225       321       640    0.9372    0.6508    0.7052    0.6937    0.5991   0.01753   0.01681   0.00643
     32/99     20.8G    0.0257   0.02129  0.004436   0.05143       288       640    0.9462    0.6604    0.7158    0.7047    0.6287   0.01632   0.01566  0.005296
     33/99     20.8G    0.0259   0.02131  0.004337   0.05155       433       640    0.9335    0.6409    0.7038    0.6951    0.6083   0.01669    0.0157  0.006648
     34/99     20.8G   0.02599   0.02151   0.00436   0.05185       374       640    0.9164    0.6512    0.7057    0.6976     0.613   0.01663    0.0157  0.005758
     35/99     20.8G   0.02563   0.02097  0.004275   0.05087       325       640    0.9335    0.6659     0.734    0.7266     0.637   0.01673   0.01604  0.005207
     36/99     20.8G   0.02535   0.02103   0.00405   0.05042       338       640    0.8931    0.6503    0.7063    0.6983     0.613   0.01698   0.01616  0.006974
     37/99     20.8G   0.02513   0.02097  0.004314   0.05042       417       640    0.9231    0.6576    0.7193    0.7087    0.6251   0.01639   0.01594  0.006002
     38/99     20.8G   0.02512   0.02087   0.00405   0.05004       313       640     0.933    0.6654     0.718    0.7113    0.6257   0.01625   0.01535  0.005944
     39/99     20.8G    0.0247   0.02061  0.004132   0.04944       419       640     0.919     0.666    0.7284    0.7225    0.6496   0.01534    0.0147  0.005499
     40/99     20.8G   0.02443   0.02024   0.00404   0.04871       416       640    0.9359     0.654    0.7516    0.7431    0.6566   0.01623   0.01548  0.005819
     41/99     20.8G   0.02428   0.02014  0.003817   0.04824       330       640    0.9361    0.6588    0.7343    0.7276    0.6439   0.01593    0.0152   0.00527
     42/99     20.8G   0.02422   0.02013  0.003881   0.04823       407       640    0.9502    0.6523    0.7167    0.7095    0.6287   0.01585   0.01513  0.005293
     43/99     20.8G   0.02417   0.01991  0.003807   0.04789       343       640    0.9456    0.6681    0.7274    0.7226    0.6427   0.01594   0.01513  0.004923
     44/99     20.8G   0.02392   0.01995  0.003824   0.04769       348       640    0.9439    0.6604    0.7296     0.722    0.6455   0.01533   0.01464  0.005583
     45/99     20.8G   0.02361   0.01978  0.003867   0.04726       472       640    0.9278    0.6644    0.7152    0.7115    0.6356   0.01529   0.01451  0.004908
     46/99     20.8G    0.0234   0.01964  0.003773   0.04682       407       640    0.9358    0.6762    0.7358    0.7319    0.6622   0.01487   0.01432  0.004675
     47/99     20.8G   0.02368    0.0199  0.003729   0.04731       465       640    0.9276    0.6749    0.7212    0.7155    0.6416   0.01528   0.01447  0.004996
     48/99     20.8G   0.02314   0.01962  0.003549    0.0463       326       640    0.9324    0.6751    0.7365    0.7298    0.6547   0.01513   0.01442  0.004965
     49/99     20.8G   0.02313   0.01958  0.003546   0.04626       343       640     0.953    0.6537    0.7511    0.7462    0.6735   0.01497   0.01402   0.00543
     50/99     20.8G   0.02261   0.01906  0.003569   0.04524       402       640    0.9089    0.6711    0.7107    0.7067    0.6386   0.01477   0.01419  0.005948
     51/99     20.8G   0.02285   0.01915   0.00347   0.04547       308       640    0.9503    0.6697    0.7287    0.7245    0.6589   0.01432   0.01361  0.004567
     52/99     20.8G   0.02242   0.01875  0.003515   0.04468       391       640    0.9148    0.6758    0.7173    0.7121    0.6505   0.01416   0.01358  0.006035
     53/99     20.8G   0.02225   0.01861  0.003434   0.04429       372       640    0.9528    0.6619    0.7386    0.7348    0.6636    0.0149   0.01402  0.004905
     54/99     20.8G   0.02199   0.01849  0.003414    0.0439       335       640    0.9283    0.6715    0.7213    0.7166      0.65   0.01468   0.01388  0.005221
     55/99     20.8G   0.02217    0.0187  0.003374   0.04425       379       640    0.9354    0.6748    0.7354    0.7303    0.6657   0.01449   0.01364  0.004687
     56/99     20.8G   0.02157   0.01772   0.00324   0.04253       340       640    0.9325    0.6716    0.7343    0.7302    0.6664   0.01437   0.01352  0.004894
     57/99     20.8G   0.02156   0.01791  0.003369   0.04284       309       640    0.9422    0.6686     0.758    0.7548    0.6841   0.01426   0.01344  0.004719
     58/99     20.8G   0.02174   0.01814  0.003322   0.04321       436       640    0.9071    0.6742    0.7215    0.7185    0.6517   0.01447   0.01357   0.00596
     59/99     20.8G   0.02152   0.01805  0.003112   0.04269       352       640    0.7744    0.7688    0.7933    0.7911    0.7176   0.01422    0.0134   0.00465
     60/99     20.8G   0.02127   0.01793   0.00316   0.04237       349       640    0.9471    0.6702    0.7603     0.758    0.6912    0.0137   0.01282  0.004762
     61/99     20.8G   0.02104   0.01751  0.003172   0.04173       412       640    0.7088     0.761    0.7795    0.7763    0.7092   0.01389   0.01307  0.005107
     62/99     20.8G   0.02115    0.0179   0.00315    0.0422       442       640    0.6844    0.7659    0.7784     0.775    0.7046   0.01387   0.01296  0.004526
     63/99     20.8G   0.02119   0.01795  0.002905   0.04204       359       640    0.7368    0.7849    0.8032    0.8001    0.7307   0.01389   0.01312  0.004897
     64/99     20.8G   0.02079   0.01781  0.002989   0.04159       402       640    0.7409    0.7753    0.8055    0.8025    0.7317   0.01351   0.01276  0.005161
     65/99     20.8G   0.02073   0.01731  0.002932   0.04098       360       640    0.9554    0.6695    0.7628    0.7603    0.6999   0.01349   0.01261  0.004435
     66/99     20.8G   0.02023   0.01691  0.003156   0.04029       359       640    0.7433    0.7645     0.785    0.7832    0.7078   0.01394   0.01334  0.004556
     67/99     20.8G   0.02015   0.01685  0.003145   0.04015       350       640    0.7412    0.7672    0.7716    0.7701    0.7137    0.0129   0.01214  0.004867
     68/99     20.8G   0.02037   0.01695  0.002962   0.04028       448       640    0.7338    0.7868    0.8145    0.8123    0.7487   0.01281   0.01193  0.004862
     69/99     20.8G   0.01992   0.01647  0.002928   0.03932       362       640    0.7767    0.7602    0.7885    0.7864    0.7255    0.0129   0.01213  0.004737
     70/99     20.8G   0.01971   0.01638  0.002805   0.03889       301       640     0.773    0.7549    0.7982    0.7948    0.7253   0.01321   0.01249  0.004672
     71/99     20.8G   0.01958   0.01651  0.002712   0.03879       298       640    0.8187    0.7744    0.8147    0.8128    0.7464   0.01328   0.01257  0.004959
     72/99     20.8G   0.01937   0.01603  0.002848   0.03825       379       640    0.7507    0.8003    0.8158     0.814    0.7607    0.0123   0.01148  0.004605
     73/99     20.8G   0.01926   0.01623  0.002681   0.03817       364       640    0.7275     0.803    0.8048    0.8028    0.7474   0.01224   0.01141   0.00473
     74/99     20.8G   0.01911   0.01571  0.002751   0.03757       441       640    0.7383    0.7945    0.7887    0.7867    0.7274   0.01288   0.01211  0.004556
     75/99     20.8G   0.01917   0.01592  0.002642   0.03773       315       640    0.8047    0.7915      0.83    0.8287    0.7746   0.01218   0.01141  0.004689
     76/99     20.8G   0.01881    0.0155  0.002744   0.03705       348       640    0.8329    0.7665    0.8033    0.8016    0.7484   0.01193   0.01096  0.005178
     77/99     20.8G   0.01863   0.01541  0.002617   0.03665       266       640    0.6128    0.8257    0.7464    0.7447    0.7001   0.01228    0.0115  0.004456
     78/99     20.8G   0.01869   0.01527  0.002707   0.03668       291       640    0.7847    0.7638    0.7784    0.7768    0.7315   0.01181   0.01086  0.004985
     79/99     20.8G   0.01871   0.01537   0.00254   0.03662       400       640    0.7958    0.8089    0.8133    0.8116    0.7666   0.01173   0.01073  0.004507
     80/99     20.8G   0.01844   0.01537  0.002557   0.03636       365       640    0.7814    0.8287    0.8128    0.8112    0.7598   0.01207   0.01117  0.005032
     81/99     20.8G   0.01848   0.01535  0.002649   0.03648       425       640     0.873    0.8049    0.8288    0.8273    0.7733   0.01202   0.01115  0.004491
     82/99     20.8G   0.01838   0.01523  0.002514   0.03613       326       640    0.8012    0.8007    0.8059    0.8044     0.749   0.01203   0.01121   0.00478
     83/99     20.8G   0.01812    0.0147  0.002567   0.03538       337       640    0.8033    0.7795    0.8025     0.801    0.7485   0.01188   0.01094  0.004791
     84/99     20.8G   0.01809   0.01472   0.00249    0.0353       289       640    0.7321    0.7327    0.7484    0.7474    0.7005   0.01202   0.01123  0.004775
     85/99     20.8G   0.01835   0.01497  0.002589   0.03591       407       640    0.7991    0.7643    0.8009    0.7991    0.7469   0.01233   0.01162  0.004563
     86/99     20.8G   0.01825   0.01499  0.002597   0.03584       349       640     0.825    0.7588    0.7914      0.79    0.7425   0.01181   0.01086  0.005021
     87/99     20.8G   0.01797   0.01477   0.00247   0.03521       373       640    0.8684    0.7555    0.8002    0.7986    0.7392   0.01257   0.01184  0.004264
     88/99     20.8G   0.01824   0.01465  0.002566   0.03545       412       640    0.8069    0.7791    0.7927    0.7915    0.7433   0.01189   0.01101  0.004855
     89/99     20.8G    0.0178   0.01452   0.00244   0.03476       429       640    0.8772    0.7696    0.8112    0.8098    0.7641   0.01142   0.01045  0.004786
     90/99     20.8G   0.01794   0.01467  0.002419   0.03502       368       640    0.8459    0.7734    0.8123    0.8109    0.7644   0.01185   0.01112  0.004683
     91/99     20.8G   0.01785   0.01457  0.002342   0.03476       392       640     0.792    0.7993    0.8153    0.8135    0.7717    0.0116   0.01077  0.004574
     92/99     20.8G   0.01742    0.0142  0.002354   0.03397       402       640    0.8491    0.7845    0.7966    0.7956    0.7568   0.01153    0.0107  0.004661
     93/99     20.8G   0.01789   0.01485  0.002406   0.03515       393       640    0.8829    0.7287    0.7862    0.7853    0.7464   0.01139   0.01053  0.004544
     94/99     20.8G   0.01746   0.01437  0.002317   0.03415       410       640    0.8209    0.7985    0.8109    0.8099    0.7677   0.01165   0.01084  0.004859
     95/99     20.8G   0.01767    0.0143  0.002347   0.03432       382       640    0.8406    0.7938     0.821      0.82    0.7766   0.01133   0.01038  0.004588
     96/99     20.8G   0.01745   0.01439  0.002405   0.03424       492       640    0.9004    0.7789    0.8302     0.829    0.7845   0.01151   0.01065  0.004568
     97/99     20.8G   0.01738   0.01435  0.002374    0.0341       404       640    0.7629    0.8087    0.8021    0.8013    0.7647   0.01136   0.01051  0.004484
     98/99     20.8G   0.01743   0.01388   0.00235   0.03367       373       640    0.8638    0.7984    0.8158    0.8151    0.7704   0.01165   0.01092  0.004495
     99/99     20.8G   0.01752   0.01408  0.002346   0.03395       334       640     0.803    0.7805    0.7943    0.7935    0.7568   0.01133   0.01045  0.004442
