      0/99     12.8G   0.07969   0.04406         0    0.1237        35       640     0.518    0.4585    0.4489   0.06438    0.1545   0.05996   0.02486         0
      1/99     15.6G   0.05625   0.03123         0   0.08748        39       640    0.6839    0.5887    0.6067    0.1007    0.2171   0.05093   0.01999         0
      2/99     15.6G   0.04947   0.02724         0   0.07671        50       640     0.834    0.6887    0.7825    0.3532    0.3871   0.04488   0.01876         0
      3/99     15.6G   0.04357   0.02524         0    0.0688        62       640    0.8899    0.8095    0.8863    0.5061    0.4896   0.03681   0.01553         0
      4/99     15.6G   0.04042   0.02363         0   0.06405        31       640     0.919    0.8315     0.912      0.54      0.52   0.03512   0.01479         0
      5/99     15.6G   0.03843     0.023         0   0.06143        42       640    0.8944    0.8179    0.8965    0.5439    0.5138   0.03581   0.01552         0
      6/99     15.6G   0.03735   0.02216         0   0.05951        44       640    0.9396    0.8681    0.9404    0.6371     0.578   0.03169   0.01357         0
      7/99     15.6G   0.03643    0.0219         0   0.05834        45       640    0.9349    0.8669    0.9349    0.6359    0.5789   0.03136   0.01361         0
      8/99     15.6G   0.03568   0.02148         0   0.05716        43       640     0.922    0.8546    0.9252    0.6291    0.5698   0.03198     0.014         0
      9/99     15.6G   0.03513   0.02128         0    0.0564        38       640    0.9369    0.8646    0.9385    0.6556    0.5889   0.03017   0.01359         0
     10/99     15.6G   0.03457    0.0209         0   0.05546        23       640    0.9451    0.8924    0.9536    0.6856    0.6094   0.02972   0.01283         0
     11/99     15.6G   0.03419   0.02085         0   0.05504        49       640    0.9434    0.8833    0.9516    0.6916     0.608   0.02929   0.01282         0
     12/99     15.6G   0.03367   0.02041         0   0.05408        53       640    0.9108    0.8925    0.9418    0.6729    0.5963   0.02992   0.01311         0
     13/99     15.6G   0.03349   0.02043         0   0.05391        62       640    0.9453    0.8998    0.9569    0.6995    0.6153   0.02878   0.01256         0
     14/99     15.6G   0.03325   0.02026         0   0.05351        44       640    0.9409    0.8851    0.9476    0.6926    0.6133   0.02919   0.01289         0
     15/99     15.6G   0.03287   0.02035         0   0.05321        46       640    0.9272    0.8728    0.9354    0.6558    0.5914   0.03024   0.01358         0
     16/99     15.6G   0.03272   0.02004         0   0.05276        55       640    0.9539    0.8914     0.954    0.6978    0.6153   0.02899   0.01264         0
     17/99     15.6G   0.03227   0.02008         0   0.05234        41       640    0.9132    0.8398    0.9239    0.6347    0.5776   0.03186   0.01393         0
     18/99     15.6G   0.03189   0.01972         0   0.05162        44       640    0.9429    0.8784    0.9472     0.696    0.6143   0.02905   0.01289         0
     19/99     15.6G   0.03186    0.0197         0   0.05156        28       640    0.9488     0.884    0.9512    0.6791    0.6093    0.0293    0.0126         0
     20/99     15.6G   0.03169   0.01957         0   0.05126        57       640    0.9374    0.8921    0.9509    0.6757    0.6063    0.0295   0.01264         0
     21/99     15.6G   0.03147   0.01943         0   0.05089        42       640    0.9343    0.8834    0.9493    0.6571    0.5954   0.03062   0.01275         0
     22/99     15.6G   0.03126   0.01942         0   0.05068        37       640    0.9531    0.8889    0.9598     0.699     0.621   0.02875   0.01231         0
     23/99     15.6G   0.03114   0.01937         0   0.05051        60       640    0.9372    0.8982    0.9559    0.6845    0.6117   0.02929   0.01253         0
     24/99     15.6G    0.0311   0.01948         0   0.05058        39       640    0.9392    0.8951     0.957    0.6979    0.6229   0.02844   0.01239         0
     25/99     15.6G   0.03094   0.01931         0   0.05025        44       640    0.9486    0.8995     0.961    0.6768     0.606   0.02902   0.01227         0
     26/99     15.6G   0.03077   0.01923         0   0.04999        45       640    0.9442    0.9053    0.9566    0.6794    0.6108   0.02928    0.0122         0
     27/99     15.6G   0.03037   0.01898         0   0.04935        71       640    0.9504    0.8944    0.9612    0.6951    0.6203   0.02853    0.0122         0
     28/99     15.6G   0.03039   0.01902         0   0.04942        65       640    0.9517    0.8988    0.9599    0.6884     0.617   0.02865   0.01217         0
     29/99     15.6G   0.03017   0.01884         0   0.04901        52       640    0.9518    0.9035    0.9608    0.7041     0.627   0.02813   0.01215         0
     30/99     15.6G   0.03005   0.01891         0   0.04896        48       640    0.9469    0.9078    0.9609    0.7026    0.6263   0.02834   0.01202         0
     31/99     15.6G   0.02996   0.01888         0   0.04884        48       640    0.9392    0.9099    0.9583    0.6847    0.6154   0.02875   0.01232         0
     32/99     15.6G   0.02976   0.01869         0   0.04845        48       640     0.949    0.9038    0.9596    0.6991    0.6218   0.02809   0.01227         0
     33/99     15.6G   0.02981   0.01871         0   0.04851        50       640    0.9398    0.9064    0.9612    0.6757    0.6109   0.02879   0.01226         0
     34/99     15.6G   0.02952    0.0185         0   0.04802        35       640    0.9356    0.9095    0.9601    0.6832    0.6173   0.02831   0.01211         0
     35/99     15.6G    0.0294   0.01854         0   0.04794        42       640    0.9428    0.9083    0.9614    0.6808    0.6145   0.02822   0.01213         0
     36/99     15.6G   0.02938   0.01855         0   0.04793        43       640    0.9361     0.917     0.962    0.6834    0.6133   0.02864   0.01212         0
     37/99     15.6G    0.0293   0.01857         0   0.04788        47       640    0.9525    0.9063    0.9635    0.6912    0.6158   0.02837   0.01202         0
     38/99     15.6G   0.02932   0.01858         0    0.0479        37       640    0.9437    0.9167    0.9654    0.6757    0.6137   0.02834   0.01201         0
     39/99     15.6G   0.02915   0.01835         0    0.0475        49       640    0.9481     0.919    0.9665    0.7018     0.623   0.02777   0.01189         0
     40/99     15.6G   0.02889   0.01821         0    0.0471        37       640    0.9434    0.9188     0.964    0.6982    0.6236    0.0278   0.01194         0
     41/99     15.6G   0.02882   0.01826         0   0.04707        42       640    0.9456    0.9146    0.9644    0.6939    0.6197   0.02799   0.01204         0
     42/99     15.6G   0.02876   0.01829         0   0.04705        51       640    0.9443    0.9156    0.9643    0.6957    0.6219   0.02806     0.012         0
     43/99     15.6G   0.02858   0.01828         0   0.04686        46       640    0.9463    0.9204    0.9659    0.6983    0.6244    0.0277    0.0119         0
     43/99     18.4G   0.02865   0.01826         0   0.04691        35       640    0.9521    0.9051    0.9625    0.6921    0.6204   0.02795   0.01208         0
     44/99     15.6G   0.02834   0.01823         0   0.04657        31       640    0.9431    0.9222     0.965    0.6748    0.6133   0.02812   0.01197         0
     44/99     18.2G   0.02862   0.01802         0   0.04664        39       640    0.9441    0.9187    0.9645    0.7095     0.631   0.02763   0.01188         0
     45/99     15.6G   0.02843   0.01801         0   0.04644        42       640    0.9469    0.9198    0.9655    0.6752    0.6134   0.02826   0.01192         0
     45/99     18.2G   0.02834   0.01774         0   0.04608        50       640    0.9491    0.9192    0.9655     0.699    0.6232   0.02786   0.01187         0
     46/99     18.2G   0.02807   0.01792         0   0.04599        62       640    0.9466    0.9165    0.9637    0.6898     0.622   0.02834   0.01195         0
     46/99     15.6G    0.0282   0.01776         0   0.04596        40       640    0.9492    0.9183    0.9653    0.6831    0.6176   0.02802   0.01189         0
     47/99     18.2G   0.02801   0.01782         0   0.04583        31       640    0.9452    0.9159    0.9637    0.7017    0.6271    0.0281   0.01198         0
     47/99     15.6G    0.0282   0.01779         0   0.04599        45       640    0.9463    0.9169     0.966    0.6808    0.6141   0.02821   0.01192         0
     48/99     18.2G   0.02804   0.01802         0   0.04606        42       640    0.9437    0.9138    0.9633     0.686    0.6173   0.02832   0.01209         0
     49/99     18.2G   0.02792   0.01769         0   0.04561        44       640    0.9486    0.9171    0.9664    0.6995    0.6285   0.02773   0.01188         0
     48/99     15.6G   0.02801   0.01796         0   0.04597        34       640    0.9567    0.9068    0.9669    0.6922     0.619   0.02807   0.01187         0
     50/99     18.2G   0.02792   0.01779         0   0.04571        45       640     0.946    0.9139    0.9656    0.7105    0.6306   0.02773   0.01186         0
     49/99     15.6G   0.02783   0.01764         0   0.04547        37       640    0.9495     0.916    0.9673    0.6895    0.6172   0.02801   0.01192         0
     51/99     18.2G   0.02774   0.01765         0   0.04539        43       640    0.9435    0.9183    0.9648    0.7121    0.6284   0.02769   0.01188         0
     50/99     15.6G   0.02776   0.01772         0   0.04549        42       640     0.949    0.9154    0.9658     0.688    0.6179   0.02807   0.01192         0
     52/99     18.2G   0.02771   0.01766         0   0.04537        38       640    0.9426    0.9241    0.9672    0.7085    0.6245   0.02782   0.01188         0
     53/99     18.2G   0.02756    0.0175         0   0.04507        23       640    0.9501    0.9141    0.9663    0.7041    0.6216   0.02797   0.01196         0
     51/99     15.6G   0.02775   0.01763         0   0.04538        36       640    0.9573    0.9053    0.9642    0.6749     0.612   0.02841   0.01204         0
     54/99     18.2G   0.02748   0.01759         0   0.04507        49       640    0.9523    0.9096    0.9661    0.7073    0.6255    0.0279   0.01193         0
     52/99     15.6G    0.0275   0.01741         0   0.04491        33       640    0.9486     0.915    0.9656    0.6781     0.614    0.0283   0.01201         0
     55/99     18.2G   0.02723   0.01731         0   0.04453        53       640     0.946    0.9139    0.9648    0.7093    0.6284   0.02786   0.01192         0
     56/99     18.2G   0.02717   0.01732         0   0.04449        62       640     0.955    0.9054    0.9642    0.7056    0.6256   0.02793   0.01196         0
     53/99     15.6G    0.0276   0.01746         0   0.04507        52       640    0.9493    0.9135    0.9638     0.686    0.6154   0.02827   0.01204         0
     57/99     18.2G   0.02709   0.01726         0   0.04434        44       640    0.9513    0.9133    0.9651    0.7128    0.6281   0.02774   0.01192         0
     54/99     15.6G   0.02752   0.01758         0    0.0451        41       640    0.9498     0.911    0.9644    0.6853    0.6161   0.02819   0.01203         0
     58/99     18.2G   0.02688   0.01743         0    0.0443        46       640    0.9531    0.9129    0.9648    0.7151     0.628   0.02766    0.0119         0
     55/99     15.6G   0.02741   0.01748         0   0.04489        56       640    0.9486    0.9128    0.9652    0.6838    0.6112   0.02841   0.01211         0
     59/99     18.2G   0.02694   0.01721         0   0.04415        55       640    0.9482     0.916    0.9646    0.7177    0.6318   0.02754   0.01189         0
     56/99     15.6G   0.02716   0.01735         0   0.04451        37       640    0.9451    0.9179     0.965     0.691     0.615   0.02835   0.01209         0
     60/99     18.2G   0.02671   0.01726         0   0.04397        41       640    0.9483    0.9156    0.9642    0.7171    0.6311   0.02755   0.01191         0
     61/99     18.2G   0.02659   0.01704         0   0.04363        44       640    0.9499    0.9146    0.9652    0.7224    0.6339   0.02744    0.0119         0
     57/99     15.6G   0.02714   0.01717         0   0.04431        37       640    0.9462    0.9154    0.9659    0.6824    0.6127    0.0284   0.01213         0
     62/99     18.2G   0.02653   0.01696         0   0.04349        28       640    0.9513    0.9139    0.9649    0.7273     0.636   0.02742   0.01191         0
     58/99     15.6G   0.02701   0.01737         0   0.04439        48       640    0.9475    0.9175    0.9662    0.6878    0.6166   0.02828   0.01206         0
     63/99     18.2G   0.02644   0.01696         0    0.0434        57       640    0.9501    0.9151    0.9648     0.725    0.6355   0.02744   0.01192         0
