      0/99     12.8G   0.07686   0.04364         0    0.1205         1       640    0.5287    0.4075    0.4171   0.02711    0.1273   0.06304   0.02512         0
      1/99     19.5G   0.05716   0.03193         0   0.08909         2       640    0.7488    0.5931    0.6665    0.1854    0.2737   0.05114   0.02083         0
      2/99     19.5G    0.0499   0.02811         0   0.07801         3       640    0.5788     0.547    0.5015    0.1874    0.2294   0.05357   0.02426         0
      3/99     19.5G   0.04431   0.02561         0   0.06992         1       640    0.7865    0.6777    0.7496    0.2937    0.3515   0.04741   0.01897         0
      4/99     19.5G     0.041   0.02413         0   0.06513         3       640    0.2782    0.2123      0.14    0.0378   0.05374   0.08098   0.02371         0
      5/99     19.5G   0.03903   0.02359         0   0.06262         2       640    0.9028    0.7917    0.8832    0.4953    0.4939   0.03683   0.01651         0
      6/99     19.5G   0.03788   0.02263         0   0.06051         3       640     0.888    0.8037    0.8869    0.4798    0.4859   0.03842   0.01545         0
      7/99     19.5G   0.03681   0.02211         0   0.05893         3       640    0.9286     0.824     0.914    0.5765    0.5411   0.03347   0.01512         0
      8/99     19.5G   0.03631   0.02183         0   0.05814         3       640    0.8568    0.7665    0.8449    0.4454    0.4593   0.04103   0.01624         0
      9/99     19.5G   0.03571   0.02168         0   0.05739         5       640    0.9361    0.8632    0.9344    0.6514    0.5869    0.0316   0.01401         0
     10/99     19.5G   0.03516   0.02148         0   0.05665         4       640    0.9281    0.8735    0.9352    0.6177    0.5709   0.03283   0.01412         0
     11/99     19.5G   0.03471   0.02118         0   0.05589         3       640    0.9168    0.8409     0.918    0.5921    0.5554   0.03391   0.01445         0
     12/99     19.5G    0.0344   0.02095         0   0.05534         2       640    0.9283     0.851    0.9318    0.6361    0.5775   0.03214   0.01417         0
     13/99     19.5G   0.03401   0.02093         0   0.05494         3       640    0.9412     0.882    0.9471    0.6785    0.6076    0.0304   0.01317         0
     14/99     19.5G   0.03367   0.02067         0   0.05434         2       640    0.9289    0.8525    0.9266    0.5934    0.5547   0.03386   0.01413         0
     15/99     19.5G   0.03336   0.02056         0   0.05392         1       640    0.9342    0.8758    0.9462    0.6654    0.5986   0.03095   0.01334         0
     16/99     19.5G   0.03315   0.02028         0   0.05343         2       640    0.9286    0.8735    0.9374    0.6345    0.5844   0.03199   0.01368         0
     17/99     19.5G   0.03287   0.02041         0   0.05327         3       640    0.9345    0.8909    0.9434     0.653    0.5901   0.03164   0.01349         0
     18/99     19.5G   0.03258   0.02011         0   0.05269         2       640    0.9506    0.8923    0.9541    0.6815    0.6107   0.03015   0.01291         0
     19/99     19.5G   0.03246   0.02013         0   0.05259         2       640    0.9349    0.8977    0.9508     0.672    0.6056   0.03054   0.01295         0
     20/99     19.5G   0.03235   0.02017         0   0.05252         2       640    0.9315    0.8895     0.945    0.6718    0.6009   0.03087   0.01316         0
     21/99     19.5G   0.03205   0.01999         0   0.05204         6       640    0.9353    0.9056    0.9541    0.6889    0.6126   0.03021   0.01276         0
     22/99     19.5G   0.03191   0.01989         0    0.0518         2       640    0.9455    0.8772    0.9497    0.6636     0.599   0.03082   0.01311         0
     23/99     19.5G   0.03172   0.01957         0    0.0513         3       640    0.9358    0.8967    0.9507    0.6816     0.611   0.03009   0.01278         0
     24/99     19.5G   0.03161   0.01989         0   0.05149        11       640    0.9497     0.895    0.9537    0.6947    0.6151   0.02966   0.01284         0
     25/99     19.5G   0.03148    0.0197         0   0.05118         8       640    0.9391    0.8982    0.9512    0.6756     0.608   0.03059   0.01272         0
     26/99     19.5G   0.03133   0.01944         0   0.05077         1       640    0.9415    0.8862    0.9469    0.6723    0.6025   0.03037   0.01297         0
     27/99     19.5G   0.03109   0.01949         0   0.05059         4       640    0.9256    0.8931    0.9456    0.6613     0.596   0.03094   0.01308         0
     28/99     19.5G   0.03097   0.01932         0   0.05028         4       640    0.9428    0.9051    0.9576    0.6882    0.6172   0.02949    0.0126         0
     29/99     19.5G   0.03095   0.01951         0   0.05046         7       640    0.9489    0.9062    0.9613    0.6998    0.6211   0.02942   0.01236         0
     30/99     19.5G   0.03081   0.01936         0   0.05017         3       640    0.9436    0.8989    0.9543    0.6833    0.6106   0.02997   0.01263         0
     31/99     19.5G   0.03067   0.01899         0   0.04966         3       640    0.9409    0.8996    0.9535    0.6837    0.6129   0.02986   0.01264         0
     32/99     19.5G   0.03067    0.0192         0   0.04988        12       640    0.9384    0.9096     0.959    0.6835    0.6154   0.02961   0.01245         0
     33/99     19.5G   0.03041   0.01926         0   0.04966         5       640    0.9503    0.8918    0.9523     0.678    0.6079    0.0298   0.01279         0
     34/99     19.5G   0.03031   0.01893         0   0.04924         4       640    0.9401    0.9076    0.9563    0.6769    0.6117   0.02979   0.01256         0
     35/99     19.5G   0.03026   0.01901         0   0.04928         1       640    0.9502    0.9012    0.9597    0.6881    0.6138   0.02935   0.01238         0
     36/99     19.5G   0.03006   0.01878         0   0.04884         3       640    0.9529    0.9034    0.9606    0.6945    0.6194   0.02923   0.01225         0
     37/99     19.5G   0.02994   0.01902         0   0.04896         9       640    0.9411    0.9068    0.9574    0.6961    0.6193   0.02936   0.01245         0
     38/99     19.5G   0.02977   0.01892         0   0.04869         2       640    0.9507    0.9005    0.9582    0.6879    0.6158   0.02963   0.01237         0
     39/99     19.5G   0.02972   0.01887         0   0.04859         5       640    0.9471    0.9066     0.958    0.6828    0.6104   0.02941   0.01241         0
     40/99     19.5G   0.02958   0.01849         0   0.04808         9       640    0.9453    0.9076    0.9595     0.681    0.6119   0.02941   0.01238         0
     41/99     19.5G   0.02954   0.01868         0   0.04823         9       640    0.9408    0.9154    0.9601    0.6851    0.6128   0.02943   0.01232         0
     42/99     19.5G   0.02927   0.01862         0   0.04789         1       640    0.9444    0.9187    0.9622    0.7008    0.6213   0.02864   0.01223         0
     43/99     19.5G    0.0294   0.01857         0   0.04797         2       640    0.9439    0.9162    0.9625     0.705    0.6226   0.02857   0.01222         0
     44/99     19.5G   0.02921   0.01845         0   0.04766         8       640    0.9527    0.9178    0.9661    0.7095    0.6238   0.02839   0.01212         0
     45/99     19.5G   0.02909   0.01861         0    0.0477         7       640    0.9499    0.9145    0.9649    0.7033    0.6212   0.02866   0.01212         0
     46/99     19.5G   0.02889   0.01847         0   0.04736         4       640    0.9571    0.9091    0.9652     0.703    0.6221   0.02865   0.01217         0
     47/99     19.5G   0.02898   0.01829         0   0.04728         2       640    0.9404    0.9177    0.9637    0.6955    0.6194   0.02875   0.01219         0
     48/99     19.5G   0.02879   0.01833         0   0.04712         1       640    0.9416    0.9214    0.9645    0.7058    0.6196    0.0286   0.01213         0
     49/99     19.5G   0.02866   0.01835         0   0.04701         4       640    0.9518     0.913     0.963    0.7038    0.6207   0.02859   0.01216         0
     50/99     19.5G   0.02883   0.01816         0   0.04699         1       640    0.9514    0.9148    0.9651    0.7028    0.6213   0.02841   0.01216         0
     51/99     19.5G   0.02869    0.0182         0   0.04689         5       640    0.9509    0.9185    0.9662    0.7217    0.6305   0.02785   0.01207         0
     52/99     19.5G   0.02836    0.0182         0   0.04656         3       640    0.9499    0.9156    0.9649    0.7264    0.6336   0.02781   0.01209         0
     53/99     19.5G   0.02837     0.018         0   0.04637         3       640    0.9422    0.9227    0.9649    0.7299    0.6349   0.02779   0.01207         0
     54/99     19.5G   0.02818    0.0181         0   0.04628         1       640    0.9549    0.9111    0.9656    0.7244    0.6316   0.02793   0.01208         0
     55/99     19.5G   0.02832   0.01817         0   0.04649         5       640    0.9557    0.9105    0.9657    0.7207      0.63   0.02786   0.01211         0
     56/99     19.5G   0.02798   0.01786         0   0.04585         2       640    0.9539    0.9112    0.9654    0.7174    0.6282   0.02796   0.01217         0
     57/99     19.5G   0.02809   0.01791         0     0.046         2       640    0.9494     0.916    0.9652    0.7198    0.6287   0.02799   0.01215         0
     58/99     19.5G   0.02787   0.01769         0   0.04556         3       640    0.9572    0.9086    0.9646    0.7226    0.6296   0.02796   0.01217         0
     59/99     19.5G   0.02775   0.01775         0   0.04551         2       640    0.9527    0.9145    0.9646    0.7236    0.6318   0.02787   0.01213         0
     60/99     19.5G   0.02763   0.01755         0   0.04518         7       640    0.9507     0.918    0.9651    0.7255    0.6331   0.02784   0.01211         0
     61/99     19.5G   0.02766   0.01769         0   0.04536        10       640    0.9543    0.9154    0.9659    0.7315    0.6353   0.02774   0.01212         0
     62/99     19.5G   0.02753   0.01773         0   0.04526         7       640    0.9497    0.9192    0.9658    0.7292    0.6353   0.02766   0.01213         0
     63/99     19.5G   0.02744   0.01756         0   0.04499         6       640    0.9463    0.9212    0.9663    0.7281    0.6356    0.0276   0.01211         0
     64/99     19.5G   0.02739   0.01776         0   0.04515         7       640    0.9501     0.917    0.9664    0.7267    0.6355   0.02759   0.01214         0
     65/99     19.5G    0.0273   0.01748         0   0.04478         9       640    0.9505    0.9182    0.9658    0.7254     0.635   0.02763   0.01217         0
     66/99     19.5G   0.02724   0.01751         0   0.04475         2       640    0.9476    0.9198    0.9654    0.7224    0.6333   0.02766   0.01219         0
     67/99     19.5G   0.02707   0.01742         0   0.04449         0       640    0.9547    0.9139    0.9658    0.7199    0.6339   0.02767   0.01217         0
     68/99     19.5G   0.02698   0.01722         0   0.04419         5       640    0.9484    0.9185    0.9649    0.7238    0.6344   0.02771   0.01218         0
     69/99     19.5G   0.02688   0.01732         0    0.0442         3       640    0.9488    0.9175    0.9647    0.7216    0.6342   0.02771   0.01219         0
     70/99     19.5G   0.02688   0.01738         0   0.04425         5       640    0.9431    0.9211    0.9645    0.7246    0.6338   0.02776   0.01221         0
     71/99     19.5G   0.02683   0.01718         0   0.04401         2       640    0.9404    0.9213     0.964     0.725    0.6334   0.02783   0.01224         0
     72/99     19.5G   0.02661   0.01729         0    0.0439         4       640    0.9428      0.92    0.9642     0.724    0.6328   0.02786   0.01225         0
     73/99     19.5G   0.02646   0.01714         0   0.04359         4       640    0.9434    0.9184    0.9639     0.723    0.6325   0.02785   0.01226         0
     74/99     19.5G   0.02648   0.01701         0   0.04349         2       640    0.9417    0.9187    0.9639    0.7225    0.6321   0.02787   0.01227         0
     75/99     19.5G   0.02652   0.01722         0   0.04374         1       640    0.9399    0.9194    0.9638    0.7246    0.6324   0.02787   0.01228         0
     76/99     19.5G   0.02631   0.01697         0   0.04328         7       640    0.9383    0.9208    0.9636    0.7228    0.6328   0.02785   0.01227         0
     77/99     19.5G   0.02625   0.01691         0   0.04316         2       640    0.9385    0.9213    0.9635    0.7227    0.6328   0.02784   0.01228         0
     78/99     19.5G   0.02621   0.01692         0   0.04314         8       640     0.939    0.9201    0.9634    0.7245    0.6331   0.02786    0.0123         0
     79/99     19.5G   0.02609   0.01689         0   0.04298         2       640     0.941     0.918     0.963    0.7253    0.6329   0.02787   0.01231         0
     80/99     19.5G     0.026   0.01682         0   0.04282         2       640    0.9406    0.9189    0.9632    0.7222    0.6323   0.02787   0.01232         0
     81/99     19.5G   0.02598   0.01681         0   0.04279         3       640    0.9415    0.9173    0.9627    0.7252     0.633   0.02786   0.01233         0
     82/99     19.5G   0.02584   0.01667         0   0.04251         5       640    0.9411    0.9182    0.9628    0.7248    0.6331   0.02786   0.01234         0
     83/99     19.5G   0.02582   0.01662         0   0.04244         2       640    0.9386    0.9207    0.9631    0.7259    0.6335   0.02785   0.01233         0
     84/99     19.5G   0.02572   0.01667         0    0.0424         4       640    0.9397    0.9193    0.9629    0.7271    0.6333   0.02786   0.01234         0
     85/99     19.5G   0.02566   0.01662         0   0.04228         2       640    0.9391    0.9202    0.9631    0.7272    0.6331   0.02787   0.01235         0
     86/99     19.5G   0.02559   0.01665         0   0.04224         9       640    0.9389    0.9202    0.9631    0.7253    0.6324   0.02788   0.01235         0
     87/99     19.5G   0.02558   0.01652         0    0.0421         1       640    0.9411    0.9188    0.9626     0.724    0.6319    0.0279   0.01236         0
     88/99     19.5G   0.02544   0.01645         0   0.04188        16       640    0.9409    0.9193    0.9627    0.7214    0.6315   0.02792   0.01237         0
     89/99     19.5G   0.02538    0.0166         0   0.04198         1       640    0.9401    0.9199    0.9624    0.7219    0.6315   0.02793   0.01237         0
     90/99     19.5G   0.02524   0.01636         0    0.0416         2       640    0.9356    0.9242    0.9626    0.7236    0.6316   0.02794   0.01238         0
     91/99     19.5G   0.02528   0.01635         0   0.04163         4       640    0.9359    0.9241    0.9624    0.7244    0.6322   0.02795   0.01239         0
     92/99     19.5G   0.02528   0.01641         0   0.04169         2       640    0.9367    0.9233    0.9625    0.7221    0.6313   0.02796    0.0124         0
     93/99     19.5G   0.02512   0.01634         0   0.04146         7       640    0.9366    0.9232    0.9626    0.7211     0.631   0.02796   0.01241         0
     94/99     19.5G   0.02513   0.01646         0    0.0416         4       640     0.942    0.9178    0.9625    0.7202    0.6309   0.02796   0.01241         0
     95/99     19.5G   0.02512   0.01641         0   0.04153         8       640    0.9403    0.9196    0.9625    0.7201    0.6309   0.02796   0.01242         0
     96/99     19.5G    0.0249   0.01635         0   0.04126         3       640    0.9405    0.9192     0.962    0.7193    0.6304   0.02796   0.01243         0
     97/99     19.5G   0.02498    0.0163         0   0.04128        10       640    0.9402    0.9202     0.962    0.7199    0.6302   0.02795   0.01243         0
     98/99     19.5G   0.02481   0.01618         0     0.041         4       640    0.9404    0.9207     0.962    0.7192    0.6302   0.02795   0.01243         0
     99/99     19.5G   0.02478    0.0162         0   0.04098        10       640      0.94    0.9207    0.9621    0.7183    0.6301   0.02795   0.01244         0
