      0/99     15.4G   0.07581   0.04216         0     0.118        10       640    0.5434    0.5166    0.4726   0.04087    0.1478   0.06011   0.02292         0
      1/99     15.4G   0.05612   0.03003         0   0.08615         1       640    0.8035    0.6686    0.7566    0.2278    0.3226   0.04806   0.02049         0
      2/99     15.4G   0.04842   0.02696         0   0.07538         1       640     0.399    0.3646    0.3063    0.1267    0.1424   0.06703   0.02439         0
      3/99     15.4G   0.04347   0.02444         0   0.06791         9       640    0.9029    0.7989    0.8837    0.5269    0.5003   0.03654   0.01562         0
      4/99     15.4G   0.03954   0.02299         0   0.06252         1       640    0.8215    0.6468    0.7347    0.3605    0.3806   0.04602   0.01799         0
      5/99     15.4G   0.03807   0.02227         0   0.06035         2       640    0.9151    0.8242    0.9009     0.549    0.5254   0.03383   0.01493         0
      6/99     15.4G   0.03685   0.02173         0   0.05858         1       640     0.835    0.7211    0.8027    0.4344     0.437   0.03939   0.01704         0
      7/99     15.4G   0.03567   0.02117         0   0.05684         5       640    0.7357    0.5935    0.6468    0.3305    0.3425   0.05003    0.0196         0
      8/99     15.4G   0.03499   0.02096         0   0.05595         7       640    0.8823     0.787    0.8639    0.5068    0.4928   0.03711   0.01565         0
      9/99     15.4G   0.03434   0.02084         0   0.05519         3       640    0.8759    0.7915    0.8786    0.5287    0.5081    0.0358   0.01527         0
     10/99     15.4G    0.0338   0.02059         0   0.05439         2       640     0.923    0.8557    0.9317    0.6216    0.5722   0.03151   0.01385         0
     11/99     15.4G   0.03346   0.02025         0   0.05371         7       640    0.9174    0.8403    0.9122    0.5959     0.552   0.03394   0.01425         0
     12/99     15.4G   0.03301   0.02056         0   0.05357        10       640    0.9093    0.8263    0.9022     0.597    0.5503   0.03418   0.01404         0
     13/99     15.4G   0.03268   0.01982         0   0.05251         4       640    0.9502    0.8732    0.9449     0.671    0.5995   0.03002   0.01299         0
     14/99     15.4G   0.03225   0.01978         0   0.05203         7       640    0.9024    0.8815    0.9319    0.6449    0.5862   0.03131    0.0134         0
     15/99     15.4G   0.03192   0.01961         0   0.05153         4       640    0.9357    0.9011    0.9555    0.6685    0.6057   0.02945   0.01265         0
     16/99     15.4G   0.03181   0.01997         0   0.05178        16       640      0.93    0.8716    0.9419    0.6344    0.5835    0.0313   0.01336         0
     17/99     15.4G    0.0317    0.0195         0    0.0512         6       640    0.9428     0.884    0.9511    0.6668    0.6041   0.02976   0.01267         0
     18/99     15.4G    0.0312   0.01935         0   0.05055         2       640    0.9364    0.8798    0.9453    0.6586    0.5933   0.03019   0.01323         0
     19/99     15.4G   0.03102   0.01919         0    0.0502         7       640    0.9326    0.8708    0.9433    0.6587    0.5973   0.02974   0.01329         0
     20/99     15.4G   0.03086   0.01906         0   0.04992         1       640    0.9469    0.8903    0.9525    0.6832     0.611   0.02944   0.01266         0
     21/99     15.4G   0.03061   0.01894         0   0.04955         9       640    0.9324    0.8912    0.9475    0.6674     0.602   0.02979    0.0127         0
     22/99     15.4G   0.03037   0.01891         0   0.04928         3       640    0.9533    0.9066     0.963    0.6802    0.6109   0.02921   0.01223         0
     23/99     15.4G   0.03032   0.01901         0   0.04932         3       640    0.9229    0.8542    0.9264    0.6152    0.5669   0.03209   0.01343         0
     24/99     15.4G   0.03007   0.01862         0   0.04869         4       640    0.9419    0.8791    0.9458    0.6693    0.6004   0.03019   0.01277         0
     25/99     15.4G   0.02986   0.01853         0   0.04839         6       640    0.9411    0.8887    0.9502    0.6728     0.605   0.02998   0.01264         0
     26/99     15.4G   0.02981   0.01883         0   0.04864         6       640    0.9375    0.8943    0.9506    0.6709     0.608   0.02947   0.01264         0
     27/99     15.4G   0.02968   0.01851         0   0.04819         0       640    0.9475    0.9035    0.9589    0.6752    0.6089   0.02901   0.01241         0
     28/99     15.4G   0.02934    0.0185         0   0.04784         5       640    0.9173    0.9058     0.951    0.6666       0.6   0.03029   0.01262         0
     29/99     15.4G    0.0293   0.01832         0   0.04761         3       640    0.9368    0.8814    0.9475    0.6677       0.6   0.02989   0.01277         0
     30/99     15.4G   0.02925   0.01855         0    0.0478         3       640    0.9428    0.8999    0.9574    0.6728    0.6093   0.02916   0.01252         0
     31/99     15.4G   0.02904   0.01803         0   0.04708         2       640    0.9448    0.9042     0.958    0.6894    0.6158   0.02858   0.01237         0
     32/99     15.4G   0.02902    0.0182         0   0.04722         4       640    0.9428    0.8965    0.9521    0.6569    0.6042   0.02959   0.01277         0
     33/99     15.4G    0.0287   0.01785         0   0.04655         8       640     0.941    0.9004    0.9544    0.6814    0.6154   0.02928   0.01237         0
     34/99     15.4G   0.02865   0.01811         0   0.04675         4       640    0.9472    0.9127    0.9625    0.6704    0.6087   0.02886   0.01229         0
     35/99     15.4G   0.02844   0.01795         0    0.0464         2       640    0.9309    0.9154    0.9587    0.6899    0.6134    0.0287   0.01239         0
     36/99     15.4G   0.02852   0.01816         0   0.04668         5       640    0.9532    0.8994    0.9563    0.6929    0.6181   0.02909   0.01232         0
     37/99     15.4G   0.02825   0.01775         0     0.046         9       640    0.9446    0.9119    0.9619    0.6617    0.6006   0.02926   0.01245         0
     38/99     15.4G   0.02829   0.01792         0   0.04621         7       640    0.9492    0.9019    0.9605    0.6848    0.6199   0.02889   0.01222         0
     39/99     15.4G   0.02796   0.01786         0   0.04582        12       640    0.9488    0.9076    0.9611    0.7088    0.6303   0.02828   0.01218         0
     40/99     15.4G    0.0279   0.01756         0   0.04547         4       640    0.9459    0.9068    0.9595     0.677    0.6088   0.02898   0.01225         0
     41/99     15.4G   0.02787   0.01756         0   0.04543         3       640    0.9413    0.9126    0.9622    0.6658    0.6054   0.02907   0.01241         0
     42/99     15.4G   0.02771   0.01768         0    0.0454         4       640    0.9418    0.9149    0.9649    0.6914     0.621   0.02859   0.01216         0
     43/99     15.4G   0.02749   0.01752         0   0.04501         7       640    0.9485    0.9088    0.9637    0.6979    0.6263   0.02816   0.01213         0
     44/99     15.4G   0.02754   0.01744         0   0.04498         7       640    0.9365    0.9182    0.9614    0.7032    0.6309    0.0281   0.01218         0
     45/99     15.4G   0.02734   0.01742         0   0.04476         3       640     0.956    0.9042    0.9628    0.6887    0.6212   0.02849   0.01231         0
     46/99     15.4G   0.02717   0.01738         0   0.04456         0       640    0.9528    0.9046    0.9619    0.6753    0.6172   0.02853   0.01234         0
     47/99     15.4G   0.02716   0.01738         0   0.04454        11       640    0.9486    0.9037    0.9614    0.6958    0.6239   0.02837   0.01233         0
     48/99     15.4G   0.02701   0.01711         0   0.04412         1       640    0.9487    0.9034    0.9606    0.6897    0.6168   0.02843   0.01245         0
     49/99     15.4G    0.0268   0.01699         0   0.04379         5       640    0.9497    0.9057    0.9599     0.671    0.6077   0.02859   0.01252         0
     50/99     15.4G   0.02681   0.01704         0   0.04385         3       640     0.945    0.9167     0.964    0.6991    0.6247    0.0281   0.01217         0
     51/99     15.4G   0.02665   0.01705         0    0.0437         3       640    0.9535    0.9051    0.9613    0.6792    0.6159   0.02868    0.0124         0
     52/99     15.4G   0.02661   0.01698         0   0.04359        10       640    0.9512    0.9111    0.9616    0.6898    0.6196   0.02843   0.01234         0
     53/99     15.4G   0.02652   0.01699         0   0.04352         9       640    0.9469     0.908     0.961    0.6937    0.6201   0.02843   0.01252         0
     54/99     15.4G   0.02629   0.01688         0   0.04317         4       640    0.9479    0.9176     0.965    0.6935     0.623   0.02809   0.01232         0
     55/99     15.4G   0.02608    0.0167         0   0.04278         4       640    0.9462    0.9064    0.9584    0.7023    0.6237   0.02822   0.01242         0
     56/99     15.4G   0.02615   0.01674         0   0.04289         1       640    0.9428    0.9158    0.9603    0.7023     0.626   0.02798   0.01235         0
     57/99     15.4G   0.02593   0.01667         0   0.04261         2       640    0.9463    0.9127    0.9599    0.7006    0.6263   0.02816   0.01245         0
     58/99     15.4G   0.02597   0.01676         0   0.04273         6       640    0.9481    0.9155     0.961    0.6983    0.6271   0.02812   0.01241         0
     59/99     15.4G   0.02576   0.01651         0   0.04227         1       640    0.9396    0.9153    0.9597    0.6997    0.6267   0.02813   0.01239         0
     60/99     15.4G   0.02559   0.01653         0   0.04212         5       640    0.9446    0.9134    0.9598    0.7004    0.6249   0.02806   0.01239         0
     61/99     15.4G    0.0256   0.01658         0   0.04218         4       640    0.9443    0.9158    0.9618    0.6992    0.6232   0.02815   0.01238         0
     62/99     15.4G   0.02544   0.01623         0   0.04167         6       640    0.9511     0.917    0.9646    0.6952     0.623   0.02801   0.01227         0
     63/99     15.4G   0.02536    0.0162         0   0.04156         4       640    0.9519    0.9159    0.9633    0.6975    0.6222   0.02808   0.01229         0
     64/99     15.4G    0.0253   0.01634         0   0.04164         8       640    0.9523    0.9126     0.962    0.6969     0.622   0.02805   0.01235         0
     65/99     15.4G   0.02509   0.01618         0   0.04127         3       640    0.9491     0.918     0.963    0.6924    0.6217   0.02818   0.01243         0
     66/99     15.4G   0.02502   0.01612         0   0.04114         2       640    0.9469    0.9203     0.963    0.6877    0.6206   0.02822   0.01246         0
     67/99     15.4G   0.02479   0.01621         0     0.041         9       640    0.9484    0.9168    0.9628    0.6864    0.6209   0.02828   0.01251         0
     68/99     15.4G   0.02459   0.01597         0   0.04056         3       640    0.9494    0.9164    0.9622    0.6851    0.6188   0.02837   0.01254         0
     69/99     15.4G   0.02465   0.01601         0   0.04066         2       640    0.9466     0.917    0.9613    0.6838    0.6171   0.02847    0.0126         0
     70/99     15.4G   0.02435   0.01591         0   0.04027         0       640    0.9485    0.9111    0.9605    0.6832     0.615   0.02852   0.01262         0
     71/99     15.4G   0.02432   0.01586         0   0.04018         7       640    0.9507    0.9124    0.9615    0.6939    0.6182   0.02837   0.01256         0
     72/99     15.4G   0.02416   0.01587         0   0.04003         3       640    0.9425    0.9151    0.9601    0.6967    0.6192   0.02831    0.0126         0
     73/99     15.4G   0.02409   0.01557         0   0.03965         1       640     0.943    0.9158    0.9608    0.6918    0.6179   0.02836   0.01264         0
     74/99     15.4G    0.0241   0.01569         0    0.0398         5       640    0.9512      0.91    0.9613    0.6876    0.6148   0.02847   0.01272         0
     75/99     15.4G   0.02389    0.0157         0   0.03959         3       640     0.948    0.9118    0.9605    0.6926    0.6173   0.02846   0.01271         0
     76/99     15.4G   0.02387   0.01562         0   0.03949         3       640    0.9455    0.9156    0.9612    0.6968    0.6197   0.02837   0.01268         0
     77/99     15.4G   0.02384   0.01569         0   0.03953         4       640    0.9507    0.9135    0.9613    0.6967    0.6203   0.02841   0.01267         0
     78/99     15.4G   0.02359   0.01551         0   0.03911         2       640    0.9481    0.9152    0.9615    0.6948    0.6203   0.02841   0.01271         0
     79/99     15.4G   0.02341   0.01534         0   0.03876        10       640    0.9463    0.9147    0.9605    0.6936     0.618   0.02846   0.01279         0
     80/99     15.4G   0.02339   0.01544         0   0.03882         5       640    0.9479    0.9111    0.9595    0.6911    0.6173   0.02849   0.01284         0
     81/99     15.4G   0.02331   0.01522         0   0.03853        12       640    0.9484     0.909    0.9587    0.6873    0.6176   0.02849   0.01289         0
     82/99     15.4G   0.02313   0.01518         0   0.03831         6       640    0.9396    0.9156    0.9578    0.6949    0.6186   0.02851   0.01292         0
     83/99     15.4G   0.02301   0.01491         0   0.03792         2       640    0.9367    0.9183    0.9581    0.6947    0.6179   0.02855   0.01296         0
     84/99     15.4G   0.02288   0.01487         0   0.03774         1       640    0.9428    0.9114    0.9574    0.6924    0.6164   0.02861   0.01299         0
     85/99     15.4G   0.02285   0.01496         0   0.03781         1       640    0.9433    0.9112    0.9578    0.6906    0.6152   0.02865     0.013         0
     86/99     15.4G   0.02258   0.01479         0   0.03737         2       640    0.9451    0.9097    0.9576    0.6897    0.6155   0.02866   0.01301         0
     87/99     15.4G   0.02269   0.01485         0   0.03754         6       640    0.9452    0.9098    0.9575    0.6924    0.6159   0.02865   0.01301         0
     88/99     15.4G   0.02253   0.01484         0   0.03737         2       640    0.9433    0.9117     0.957    0.6949    0.6158   0.02864   0.01301         0
     89/99     15.4G   0.02249   0.01489         0   0.03738         4       640    0.9375     0.918    0.9573    0.6937    0.6156   0.02867   0.01303         0
     90/99     15.4G   0.02226   0.01463         0    0.0369         6       640    0.9432    0.9126    0.9572    0.6933     0.616   0.02865   0.01304         0
     91/99     15.4G   0.02226   0.01471         0   0.03696        11       640    0.9337    0.9211    0.9566    0.6936    0.6157   0.02866   0.01305         0
     92/99     15.4G   0.02205   0.01458         0   0.03664         3       640    0.9404    0.9136    0.9564    0.6932    0.6159   0.02868   0.01307         0
     93/99     15.4G   0.02214   0.01474         0   0.03688         2       640    0.9388    0.9147    0.9557    0.6937    0.6157   0.02869   0.01309         0
     94/99     15.4G   0.02189   0.01461         0    0.0365        10       640    0.9445    0.9092    0.9561    0.6941    0.6156   0.02869   0.01311         0
     95/99     15.4G   0.02193   0.01441         0   0.03634         3       640    0.9444    0.9101    0.9565    0.6943    0.6156    0.0287   0.01311         0
     96/99     15.4G   0.02179   0.01428         0   0.03607         1       640    0.9442    0.9093    0.9563    0.6932    0.6153   0.02869   0.01312         0
     97/99     15.4G   0.02175   0.01434         0   0.03608         6       640    0.9396    0.9144    0.9563    0.6925    0.6158   0.02869   0.01313         0
     98/99     15.4G   0.02178   0.01445         0   0.03623         7       640    0.9398     0.914    0.9567    0.6917    0.6157   0.02868   0.01313         0
     99/99     15.4G   0.02172   0.01451         0   0.03623         5       640      0.94    0.9149    0.9568    0.6909     0.616   0.02867   0.01315         0
