      0/99     11.7G   0.07543   0.04222         0    0.1176         4       640     0.656    0.5484    0.6032   0.05901    0.1964   0.05245   0.02376         0
      1/99     20.5G   0.05457   0.02936         0   0.08393         5       640    0.2691    0.3287    0.1876    0.0227    0.0572   0.06785   0.02649         0
      2/99     20.5G   0.04813   0.02643         0   0.07455         1       640    0.7376    0.5808    0.6534    0.2288    0.2886   0.05167   0.02023         0
      3/99     20.5G   0.04264   0.02428         0   0.06691        13       640    0.7756    0.6468    0.7221    0.2664    0.3309   0.04743   0.01826         0
      4/99     20.5G   0.03947   0.02309         0   0.06256         8       640    0.8959    0.7885     0.878    0.4698    0.4792   0.03861   0.01564         0
      5/99     20.5G   0.03774   0.02214         0   0.05989         3       640    0.9179    0.8426    0.9125     0.558    0.5328   0.03438   0.01453         0
      6/99     20.5G   0.03676   0.02175         0   0.05852         1       640    0.8961    0.8073    0.8837    0.5026     0.498   0.03798    0.0154         0
      7/99     20.5G   0.03584   0.02141         0   0.05725         4       640    0.9363    0.8757    0.9392    0.6288    0.5755   0.03234   0.01352         0
      8/99     20.5G   0.03517   0.02102         0   0.05618         6       640    0.9307    0.8955    0.9469    0.6658    0.5913   0.03045   0.01337         0
      9/99     20.5G   0.03447   0.02102         0   0.05549        11       640    0.9389    0.8661    0.9371    0.6502    0.5871   0.03086     0.014         0
     10/99     20.5G   0.03404   0.02073         0   0.05477         6       640    0.9395    0.8864    0.9469    0.6469    0.5897   0.03128    0.0133         0
     11/99     20.5G   0.03346   0.02046         0   0.05392         6       640    0.9458    0.8805    0.9467    0.6558    0.5915   0.03019   0.01314         0
     12/99     20.5G    0.0333    0.0203         0    0.0536         8       640    0.9524    0.8859     0.949    0.6738    0.6012   0.02987   0.01285         0
     13/99     20.5G   0.03294   0.02023         0   0.05316         7       640    0.9238    0.8618    0.9291    0.6152    0.5687   0.03264    0.0135         0
     14/99     20.5G   0.03251   0.02016         0   0.05267        10       640    0.9355    0.8832    0.9452     0.652    0.5892   0.03051   0.01307         0
     15/99     20.5G   0.03238   0.01979         0   0.05217         9       640     0.934    0.8883    0.9499    0.6654    0.6053   0.03007   0.01285         0
     16/99     20.5G   0.03202   0.01962         0   0.05164         4       640     0.939    0.8801    0.9456    0.6442    0.5883   0.03118   0.01302         0
     17/99     20.5G   0.03178   0.01965         0   0.05143         1       640    0.9288    0.8861    0.9484    0.6359    0.5854   0.03125   0.01303         0
     18/99     20.5G   0.03157   0.01939         0   0.05097         2       640    0.9495    0.9106    0.9621    0.6852    0.6137   0.02889   0.01245         0
     19/99     20.5G   0.03147   0.01932         0   0.05079         2       640    0.9518    0.9008    0.9588    0.6796    0.6117   0.02922   0.01247         0
     20/99     20.5G   0.03113   0.01961         0   0.05075         5       640    0.9437    0.9037     0.955    0.6543    0.5969   0.02997   0.01261         0
     21/99     20.5G   0.03107   0.01936         0   0.05043        11       640    0.9416    0.8909    0.9539    0.6485    0.5963   0.03015   0.01277         0
     22/99     20.5G   0.03053   0.01899         0   0.04952        10       640    0.9312    0.8984    0.9504    0.6762    0.6073   0.02949   0.01278         0
     23/99     20.5G   0.03058   0.01919         0   0.04977         3       640    0.9362    0.9103    0.9599    0.6571    0.6032   0.02917   0.01231         0
     24/99     20.5G   0.03044   0.01912         0   0.04956         3       640    0.9413    0.9071    0.9606    0.6995    0.6245   0.02836   0.01225         0
     25/99     20.5G   0.03021   0.01911         0   0.04932        15       640    0.9515    0.8966    0.9576    0.6742    0.6083   0.02868   0.01249         0
     26/99     20.5G    0.0301   0.01881         0   0.04892         3       640    0.9505    0.9024      0.96    0.6935    0.6209   0.02849    0.0122         0
     27/99     20.5G   0.02999   0.01872         0   0.04871         5       640    0.9529    0.9023    0.9653    0.6838    0.6202   0.02815   0.01218         0
     28/99     20.5G   0.02996   0.01878         0   0.04874         5       640    0.9446     0.914    0.9626     0.682    0.6155   0.02853   0.01228         0
     29/99     20.5G   0.02968   0.01843         0    0.0481         0       640    0.9425    0.9121    0.9615    0.6739    0.6108   0.02918   0.01232         0
     30/99     20.5G   0.02945   0.01845         0   0.04789         1       640    0.9497    0.9049    0.9627    0.7084    0.6279   0.02771   0.01215         0
     31/99     20.5G   0.02933   0.01836         0   0.04769         2       640    0.9453    0.9049    0.9592     0.689    0.6207   0.02853   0.01211         0
     32/99     10.8G   0.02928   0.01849         0   0.04777         4       640    0.9427    0.9004    0.9572    0.6774    0.6119   0.02906    0.0124         0
     33/99     20.8G   0.02916   0.01832         0   0.04748         5       640    0.9445    0.9047    0.9599    0.6878    0.6182   0.02856   0.01224         0
     34/99     20.8G   0.02912   0.01829         0   0.04741         1       640    0.9509    0.9189    0.9674    0.7005    0.6259   0.02787   0.01192         0
     35/99     20.8G   0.02892   0.01809         0   0.04701        13       640    0.9454    0.9125    0.9622    0.7064    0.6293   0.02775   0.01205         0
     36/99     20.8G   0.02868   0.01814         0   0.04682         8       640    0.9467    0.9249    0.9673    0.7052    0.6286   0.02757   0.01189         0
     37/99     20.8G   0.02851    0.0179         0   0.04641         3       640    0.9543    0.9108    0.9678    0.7114    0.6292   0.02734     0.012         0
     38/99     20.8G   0.02857   0.01798         0   0.04655         1       640    0.9484    0.9192    0.9663    0.7254    0.6404   0.02716   0.01183         0
     39/99     20.8G   0.02837   0.01791         0   0.04628         4       640    0.9583    0.9078    0.9655     0.723    0.6406   0.02725   0.01186         0
     40/99     20.8G   0.02834    0.0178         0   0.04614         6       640    0.9464    0.9158    0.9645    0.7132    0.6337   0.02753   0.01202         0
     41/99     20.8G   0.02808   0.01794         0   0.04602        11       640    0.9479    0.9148    0.9681    0.7218    0.6361    0.0274   0.01193         0
     42/99     20.8G   0.02793   0.01779         0   0.04572         6       640    0.9518    0.9162    0.9651    0.7123    0.6314   0.02771   0.01196         0
     43/99     20.8G   0.02777   0.01769         0   0.04546         6       640    0.9575     0.914    0.9665    0.7234    0.6379     0.027   0.01186         0
     44/99     20.8G    0.0278   0.01763         0   0.04542         8       640    0.9549     0.915    0.9661    0.7294    0.6411   0.02706   0.01183         0
     45/99     20.8G   0.02775   0.01768         0   0.04543         7       640    0.9513    0.9164    0.9652    0.7186    0.6374    0.0274   0.01183         0
     46/99     20.8G    0.0275   0.01764         0   0.04514        10       640    0.9502    0.9194    0.9674    0.7277    0.6407   0.02713   0.01177         0
     47/99     20.8G   0.02752   0.01739         0   0.04491         9       640    0.9501    0.9098    0.9642    0.7258     0.641   0.02731   0.01189         0
     48/99     20.8G   0.02732   0.01726         0   0.04458         4       640    0.9512    0.9121    0.9649    0.7314    0.6425   0.02713   0.01187         0
     49/99     20.8G   0.02729   0.01739         0   0.04468         1       640    0.9518    0.9149    0.9656    0.7269    0.6373   0.02728   0.01191         0
     50/99     20.8G   0.02723   0.01719         0   0.04442         2       640    0.9475    0.9196    0.9657    0.7211    0.6353   0.02727   0.01197         0
     51/99     20.8G   0.02712   0.01714         0   0.04426         2       640    0.9509    0.9213    0.9657    0.7316    0.6355   0.02701   0.01198         0
     52/99     20.8G   0.02699   0.01744         0   0.04443         5       640    0.9509     0.924    0.9676    0.7355    0.6433   0.02677   0.01179         0
     53/99     20.8G   0.02695   0.01725         0    0.0442        11       640    0.9548    0.9193    0.9661    0.7308    0.6375   0.02697   0.01189         0
     54/99     20.8G   0.02656   0.01691         0   0.04346        10       640    0.9408      0.93    0.9655    0.7265     0.634   0.02711   0.01193         0
     55/99     20.8G   0.02651   0.01713         0   0.04364         3       640    0.9551    0.9129    0.9635    0.7263     0.636   0.02715   0.01197         0
     56/99     20.8G   0.02647   0.01707         0   0.04354         3       640    0.9503    0.9165    0.9623    0.7231     0.635   0.02728   0.01202         0
     57/99     20.8G   0.02632    0.0171         0   0.04342        15       640    0.9478    0.9188    0.9636    0.7251    0.6376   0.02712     0.012         0
     58/99     20.8G   0.02627   0.01686         0   0.04312         3       640    0.9514    0.9149    0.9623    0.7256    0.6361    0.0272   0.01205         0
     59/99     20.8G   0.02613   0.01673         0   0.04286         5       640    0.9461    0.9211    0.9642    0.7297    0.6403   0.02714     0.012         0
     60/99     20.8G   0.02622   0.01685         0   0.04307         5       640    0.9474    0.9193    0.9634    0.7279    0.6382   0.02722   0.01206         0
    