      0/99       17G   0.07425   0.04012         0    0.1144        26       640    0.5734    0.5371    0.5407   0.09555    0.1935   0.05968   0.02511         0
      1/99     20.6G   0.05397     0.029         0   0.08296        41       640    0.7928    0.6793    0.7756    0.3061    0.3662   0.04501   0.01947         0
      2/99     20.6G   0.04827   0.02622         0   0.07449        32       640    0.8738    0.7161    0.8239    0.3769    0.4144   0.04001   0.01773         0
      3/99     20.6G   0.04272   0.02445         0   0.06717        55       640     0.477    0.4451    0.3628   0.07369      0.13   0.06049   0.02461         0
      4/99     20.6G   0.03938   0.02321         0   0.06259        36       640    0.9309    0.8318    0.9101    0.4708    0.4908   0.03569   0.01561         0
      5/99     20.6G   0.03773   0.02234         0   0.06007        38       640    0.8944    0.8032    0.8761    0.5086    0.4964   0.03772   0.01562         0
      6/99     20.6G   0.03658   0.02179         0   0.05837        31       640    0.9387    0.8629    0.9291    0.6242    0.5671    0.0321   0.01399         0
      7/99     20.6G   0.03573   0.02125         0   0.05697        55       640    0.9175    0.8708    0.9326    0.6372    0.5738   0.03199   0.01382         0
      8/99     20.6G   0.03516   0.02117         0   0.05632        41       640    0.6759    0.6727    0.7015    0.3906    0.3838    0.0465   0.02141         0
      9/99     20.6G   0.03441   0.02069         0    0.0551        48       640    0.9146    0.8626    0.9242    0.5827     0.549   0.03367   0.01403         0
     10/99     20.6G   0.03395   0.02055         0   0.05449        34       640    0.9279    0.8651    0.9312    0.6171    0.5691    0.0322   0.01382         0
     11/99     20.6G    0.0335   0.02034         0   0.05383        48       640    0.9512     0.884     0.952    0.6527    0.5985   0.03026   0.01286         0
     12/99     20.6G   0.03318   0.02002         0    0.0532        46       640    0.8879    0.8188    0.8926    0.5469    0.5206   0.03623   0.01433         0
     13/99     20.6G   0.03281   0.02006         0   0.05287        36       640    0.9477    0.8938    0.9517    0.6736    0.6054    0.0297   0.01291         0
     14/99     20.6G   0.03235    0.0197         0   0.05205        52       640    0.9439     0.903    0.9602    0.6967    0.6168    0.0287   0.01248         0
     15/99     20.6G   0.03218   0.01975         0   0.05193        49       640    0.9275    0.8859    0.9455    0.6293    0.5823   0.03162   0.01317         0
     16/99     20.6G   0.03195   0.01964         0   0.05159        34       640     0.926    0.8814    0.9399    0.6215    0.5752   0.03182   0.01305         0
     17/99     20.6G   0.03149   0.01947         0   0.05095        47       640    0.9514    0.9038     0.959    0.7001    0.6173   0.02846   0.01247         0
     18/99     20.6G    0.0313   0.01917         0   0.05046        42       640    0.9488    0.9025    0.9567    0.6738    0.6133    0.0294   0.01258         0
     19/99     20.6G   0.03116   0.01919         0   0.05035        59       640    0.9519     0.894    0.9584    0.6896    0.6174   0.02886   0.01241         0
     20/99     20.6G   0.03082   0.01914         0   0.04996        36       640    0.9451    0.8957    0.9557    0.6699    0.6056   0.02929   0.01263         0
     21/99     20.6G   0.03083    0.0191         0   0.04993        39       640     0.955    0.8943    0.9568    0.6847     0.615   0.02919   0.01262         0
     22/99     20.6G   0.03068   0.01899         0   0.04967        37       640     0.935    0.8807    0.9418    0.6545    0.5971   0.03042   0.01294         0
     23/99     20.6G   0.03048   0.01898         0   0.04946        34       640    0.9508    0.9035    0.9619    0.6798    0.6129    0.0289   0.01239         0
     24/99     20.6G   0.03031   0.01868         0   0.04899        37       640    0.9421    0.8973    0.9548    0.6597    0.6003   0.02986   0.01263         0
     25/99     20.6G   0.03017   0.01888         0   0.04905        41       640    0.9476    0.9074    0.9614    0.6733    0.6106    0.0287   0.01224         0
     26/99     20.6G   0.02984   0.01887         0   0.04871        45       640    0.9515    0.9143    0.9638    0.6928    0.6195   0.02835   0.01202         0
     27/99     20.6G   0.02973   0.01866         0   0.04839        39       640    0.9379    0.9076    0.9579    0.6694    0.6061   0.02922   0.01248         0
     28/99     20.6G   0.02962   0.01883         0   0.04845        36       640    0.9532    0.9156    0.9635    0.7004    0.6234   0.02811   0.01207         0
     29/99     20.6G   0.02959   0.01861         0    0.0482        51       640    0.9432    0.9213    0.9636    0.6994    0.6226   0.02817   0.01199         0
     30/99     20.6G   0.02944   0.01838         0   0.04782        48       640    0.9528    0.9012    0.9607    0.6735    0.6096   0.02912   0.01215         0
     31/99     20.6G   0.02925   0.01848         0   0.04772        38       640    0.9443    0.8918    0.9543    0.6586     0.602   0.02946   0.01274         0
     32/99     20.6G   0.02928   0.01844         0   0.04772        37       640    0.9542    0.9134    0.9662    0.6879    0.6213   0.02827   0.01191         0
     33/99     20.6G   0.02901   0.01836         0   0.04737        48       640    0.9509    0.9122    0.9639    0.6779    0.6081    0.0287   0.01213         0
     34/99     20.6G    0.0289     0.018         0   0.04689        40       640    0.9525    0.9082    0.9624    0.6881    0.6207   0.02849   0.01214         0
     35/99     20.6G   0.02872   0.01821         0   0.04693        54       640    0.9577    0.9121    0.9663    0.7007     0.627   0.02795   0.01188         0
     36/99     20.6G   0.02849   0.01816         0   0.04665        34       640    0.9423    0.9213    0.9654     0.691    0.6215   0.02839   0.01197         0
     37/99     20.6G    0.0286   0.01796         0   0.04656        32       640    0.9552     0.916    0.9651    0.7053    0.6249   0.02802   0.01194         0
     38/99     20.6G   0.02846   0.01786         0   0.04631        40       640     0.954    0.9167    0.9657    0.7066    0.6304    0.0277   0.01183         0
     39/99     20.6G   0.02822   0.01778         0     0.046        26       640    0.9556     0.917    0.9668    0.7178    0.6338    0.0273   0.01187         0
     40/99     20.6G   0.02816   0.01773         0   0.04589        38       640    0.9577    0.9182    0.9674    0.6946    0.6224   0.02792   0.01193         0
     41/99     20.6G   0.02802   0.01757         0    0.0456        33       640    0.9512    0.9175    0.9661    0.7136    0.6328   0.02767   0.01201         0
     42/99     20.6G   0.02793   0.01766         0   0.04558        45       640    0.9593    0.9075    0.9657    0.7012    0.6282   0.02769   0.01205         0
     43/99     20.6G   0.02781   0.01758         0   0.04539        35       640    0.9576     0.918    0.9666    0.7066    0.6259   0.02769   0.01189         0
     44/99     20.6G   0.02768   0.01752         0    0.0452        37       640    0.9542    0.9161    0.9648    0.7116    0.6302   0.02754   0.01201         0
     45/99     20.6G   0.02752   0.01749         0   0.04502        35       640    0.9568    0.9142    0.9656     0.722    0.6363   0.02735   0.01197         0
     46/99     20.6G    0.0275   0.01745         0   0.04495        39       640    0.9519    0.9163    0.9632    0.7186    0.6346   0.02737   0.01198         0
     47/99     20.6G   0.02735   0.01733         0   0.04468        41       640    0.9504    0.9163    0.9637    0.7058    0.6269   0.02781   0.01204         0
     48/99     20.6G    0.0271   0.01734         0   0.04444        41       640    0.9476    0.9191    0.9641    0.7065    0.6262   0.02768   0.01205         0
     49/99     20.6G   0.02703   0.01736         0   0.04438        27       640    0.9491    0.9162    0.9624    0.7077    0.6292   0.02744   0.01206         0
     50/99     20.6G   0.02692   0.01702         0   0.04394        63       640    0.9495    0.9123    0.9628    0.7154    0.6329   0.02749   0.01196         0
     51/99     20.6G   0.02689   0.01717         0   0.04406        41       640    0.9542    0.9122    0.9639    0.7135    0.6336   0.02745   0.01197         0
     52/99     20.6G    0.0267   0.01684         0   0.04354        31       640    0.9503    0.9161    0.9659     0.724    0.6361   0.02727   0.01196         0
     53/99     20.6G   0.02667   0.01714         0   0.04381        50       640    0.9451    0.9221    0.9638    0.7228    0.6367   0.02731   0.01193         0
     54/99     20.6G   0.02645   0.01702         0   0.04348        37       640    0.9543    0.9167    0.9643    0.7181    0.6376   0.02741    0.0119         0
     55/99     20.6G   0.02637   0.01697         0   0.04335        37       640    0.9517    0.9179     0.965    0.7143    0.6325   0.02754   0.01196         0
     56/99     20.6G   0.02629   0.01672         0   0.04301        37       640      0.96    0.9088    0.9655    0.7054    0.6281   0.02763   0.01208         0
     57/99     20.6G   0.02619    0.0168         0   0.04299        46       640    0.9579      0.91     0.965    0.7093    0.6298   0.02756   0.01206         0
     58/99     20.6G   0.02601   0.01686         0   0.04287        24       640    0.9581    0.9095    0.9652    0.7103    0.6315   0.02755    0.0121         0
     59/99     20.6G   0.02595   0.01667         0   0.04261        53       640    0.9536     0.914    0.9666     0.717    0.6347   0.02749   0.01205         0
     60/99     20.6G   0.02604   0.01672         0   0.04277        32       640    0.9536    0.9129    0.9651    0.7181    0.6367    0.0275   0.01205         0
     61/99     20.6G   0.02576   0.01655         0    0.0423        38       640    0.9517    0.9148    0.9642    0.7181     0.637    0.0275   0.01209         0
     62/99     20.6G   0.02572    0.0165         0   0.04222        34       640    0.9544    0.9149    0.9644    0.7186     0.637   0.02748   0.01208         0
     63/99     20.6G   0.02543   0.01635         0   0.04178        46       640     0.952    0.9177    0.9641    0.7167    0.6372   0.02749   0.01205         0
     64/99     20.6G   0.02552   0.01638         0   0.04191        45       640    0.9537    0.9175    0.9651    0.7185    0.6379   0.02745   0.01203         0
     65/99     20.6G   0.02534   0.01633         0   0.04167        45       640    0.9513    0.9227    0.9667    0.7217     0.639   0.02733   0.01199         0
     66/99     20.6G   0.02526   0.01641         0   0.04166        48       640    0.9522     0.924    0.9673    0.7196    0.6385   0.02727   0.01195         0
     67/99     20.6G   0.02515   0.01633         0   0.04148        59       640    0.9557    0.9188    0.9669    0.7202    0.6383   0.02723   0.01196         0
     68/99     20.6G   0.02496   0.01619         0   0.04114        48       640    0.9483    0.9213    0.9654    0.7217    0.6378   0.02728   0.01199         0
     69/99     20.6G   0.02485   0.01614         0   0.04099        31       640    0.9475    0.9231    0.9655    0.7221    0.6389   0.02727   0.01199         0
     70/99     20.6G   0.02469   0.01617         0   0.04086        34       640    0.9507    0.9218    0.9654     0.722     0.637   0.02731   0.01202         0
     71/99     20.6G   0.02452   0.01621         0   0.04072        50       640    0.9522    0.9212    0.9649    0.7168    0.6358   0.02737   0.01206         0
     72/99     20.6G   0.02453   0.01593         0   0.04046        41       640    0.9526    0.9191     0.965    0.7179    0.6353   0.02744   0.01213         0
     73/99     20.6G   0.02443   0.01597         0    0.0404        37       640    0.9526    0.9191    0.9649    0.7169     0.635   0.02744   0.01216         0
     74/99     20.6G    0.0242   0.01573         0   0.03993        31       640    0.9542    0.9169     0.964    0.7222    0.6363   0.02744   0.01218         0
     75/99     20.6G   0.02423   0.01574         0   0.03997        51       640    0.9551    0.9145    0.9636    0.7177    0.6356   0.02748   0.01222         0
     76/99     20.6G   0.02397   0.01565         0   0.03962        38       640    0.9516    0.9174    0.9634    0.7178    0.6347   0.02751   0.01224         0
     77/99     20.6G   0.02397   0.01577         0   0.03974        43       640    0.9523    0.9146    0.9625     0.718    0.6342   0.02755   0.01227         0
