      0/99     19.9G    0.1041   0.07738   0.03434    0.2159       359       640 0.0006114   0.04509  0.000163  7.79e-07 2.733e-05   0.09608   0.07888   0.03316
      1/99     22.8G   0.09141   0.06111   0.02476    0.1773       357       640    0.3863    0.1788     0.114  0.006456   0.02995    0.0787   0.07089   0.02187
      2/99     22.8G   0.07629   0.05005   0.01861     0.145       235       640     0.669    0.3253    0.2294   0.03045   0.07693   0.06035   0.05425   0.01997
      3/99     22.8G    0.0649   0.04533   0.01647    0.1267       299       640    0.4525    0.1995    0.1682   0.02597   0.05848   0.07284    0.2363   0.02229
      4/99     22.8G   0.05838   0.04176   0.01466    0.1148       227       640    0.6702    0.3786    0.4253    0.1572    0.2012      0.05   0.05097   0.02098
      5/99     22.8G   0.05593   0.03997   0.01351    0.1094       282       640    0.7906    0.5003    0.5316    0.1938    0.2535    0.0442   0.05463   0.01176
      6/99     22.8G   0.05058    0.0362   0.01178   0.09856       267       640    0.8331     0.496    0.5675    0.4138     0.363   0.03452   0.03642   0.01358
      7/99     22.8G   0.04577   0.03392    0.0104   0.09008       366       640     0.885    0.5837    0.6576     0.499    0.4265   0.03176   0.02813  0.009386
      8/99     22.8G   0.04228    0.0317  0.009384   0.08336       241       640    0.8946    0.5923    0.6757     0.542    0.4435   0.03006   0.02651   0.00941
      9/99     22.8G   0.04013    0.0302  0.008551   0.07889       222       640    0.8992    0.5584    0.6696    0.5844    0.4764   0.02712   0.02564   0.01028
     10/99     22.8G   0.03743   0.02919  0.008131   0.07474       306       640    0.8732    0.5913    0.6706    0.6064    0.5088   0.02505   0.02307   0.01025
     11/99     22.8G   0.03599   0.02787  0.007853   0.07171       187       640    0.8769    0.5853    0.6738     0.609    0.5042   0.02471   0.02276    0.0124
     12/99     22.8G   0.03607   0.02764  0.007318   0.07103       240       640    0.8608    0.6184     0.702    0.6325    0.5115   0.02424   0.02228  0.008956
     13/99     22.8G    0.0347   0.02709  0.006679   0.06847       271       640    0.8517    0.6147    0.6477    0.6021    0.4927   0.02513    0.0225   0.01098
     14/99     22.8G   0.03383   0.02652  0.006712   0.06706       345       640    0.9129    0.6327    0.7391    0.6825    0.5771   0.02247   0.02101  0.007257
     15/99     22.8G   0.03251   0.02631  0.006439   0.06526       233       640    0.9271    0.6055    0.7466    0.7135    0.5815   0.02167   0.02083  0.008333
     16/99     22.8G   0.03221   0.02594  0.006503   0.06465       261       640    0.8738    0.6211    0.7037    0.6741    0.5599   0.02171   0.01969  0.009369
     17/99     22.8G   0.03123   0.02466  0.005827   0.06172       260       640    0.9337    0.6432    0.7303     0.696    0.5911   0.02008   0.01874  0.006098
     18/99     22.8G    0.0311   0.02462  0.005854   0.06158       277       640    0.9229    0.6339     0.776    0.7494    0.6336   0.01982   0.01834  0.007351
     19/99     22.8G   0.03074   0.02466  0.005641   0.06104       341       640     0.915    0.6484    0.7098    0.6843    0.5799   0.02067   0.01954  0.006596
     20/99     22.8G   0.02993   0.02404  0.005448   0.05942       242       640    0.9034    0.6407    0.7269    0.7112    0.6044   0.01922   0.01808  0.006848
     21/99     22.8G   0.03033   0.02394  0.005368   0.05964       405       640    0.8937    0.6224    0.7081     0.691    0.5812   0.01932   0.01807  0.008299
     22/99     22.8G   0.02935   0.02409  0.005626   0.05906       371       640      0.92    0.6496    0.7214    0.7016    0.6017   0.01894   0.01807  0.006321
     23/99     22.8G   0.02873   0.02356  0.005195   0.05748       262       640    0.9212    0.6302    0.6931    0.6761    0.5737   0.01933    0.0188  0.006942
     24/99     22.8G   0.02866   0.02289  0.004933   0.05649       236       640    0.9025    0.6511    0.7167    0.6971    0.6088   0.01777    0.0171  0.007524
     25/99     22.8G   0.02829   0.02317  0.004856   0.05632       270       640    0.9025    0.6276    0.6907    0.6779    0.5859   0.01812   0.01696  0.007029
     26/99     22.8G   0.02789   0.02301  0.005015   0.05591       320       640    0.9236    0.6272    0.7052    0.6937    0.5974   0.01833    0.0173  0.008089
     27/99     22.8G   0.02793   0.02285  0.004769   0.05555       287       640      0.92    0.6396    0.7006    0.6882    0.5911   0.01793   0.01722  0.006654
     28/99     22.8G   0.02763   0.02264  0.004822   0.05508       291       640    0.9305    0.6297    0.7387    0.7281    0.6397   0.01702   0.01597  0.006902
     29/99     22.8G   0.02672   0.02203   0.00448   0.05323       357       640     0.878    0.6383    0.6991    0.6898     0.595   0.01784    0.0165   0.00717
     30/99     22.8G   0.02686   0.02226  0.004447   0.05357       257       640    0.9243    0.6342    0.7191    0.7066    0.6194   0.01697   0.01602  0.006714
     31/99     22.8G   0.02682   0.02223  0.004263   0.05331       229       640    0.9322    0.6506    0.7061    0.6985    0.6087   0.01704   0.01618  0.005486
     32/99     22.8G   0.02596   0.02145  0.004247   0.05166       285       640    0.9228    0.6484    0.7117    0.7003    0.6204   0.01644   0.01554  0.006082
     33/99     22.8G   0.02599   0.02115   0.00441   0.05155       325       640    0.9472    0.6548    0.7145    0.7055    0.6251   0.01616   0.01518  0.005115
     34/99     22.8G   0.02589   0.02145  0.004301   0.05164       270       640    0.9412    0.6577    0.7322     0.726    0.6364   0.01671   0.01576  0.005395
     35/99     22.8G   0.02591   0.02139  0.004025   0.05133       327       640    0.9341    0.6589    0.7216    0.7076    0.6323   0.01625   0.01547  0.005244
     36/99     22.8G   0.02515   0.02053  0.004227    0.0499       316       640    0.9098    0.6491    0.7164    0.7095    0.6259   0.01646   0.01543   0.00673
     37/99     22.8G   0.02539   0.02082  0.004139   0.05035       301       640    0.9095    0.6558     0.706    0.6957    0.6192    0.0162   0.01516  0.006391
     38/99     22.8G   0.02486   0.02087  0.004003   0.04974       251       640    0.9195    0.6609    0.7256    0.7126    0.6363   0.01599    0.0151  0.005404
     39/99     22.8G   0.02469   0.02033  0.003967   0.04898       311       640    0.9161    0.6732    0.7279    0.7225     0.641   0.01591    0.0151  0.004867
     40/99     22.8G    0.0246   0.02015  0.003902   0.04865       311       640    0.9312    0.6497    0.7267    0.7201    0.6404   0.01587   0.01481  0.005594
     41/99     22.8G   0.02444    0.0202  0.003909   0.04855       264       640    0.9255     0.676    0.7372    0.7314    0.6473   0.01594   0.01506  0.004948
     42/99     22.8G   0.02437   0.02007   0.00393   0.04837       276       640    0.9029    0.6562    0.7063    0.7001    0.6334   0.01493   0.01408  0.005393
     43/99     22.8G   0.02396   0.01984  0.004043   0.04784       310       640    0.9434    0.6569    0.7275    0.7217     0.639   0.01576   0.01467  0.005011
     44/99     22.8G   0.02379   0.01947  0.003855   0.04711       231       640    0.9402    0.6658    0.7269     0.723    0.6449   0.01571   0.01475  0.004746
     45/99     22.8G   0.02386   0.02007  0.003642   0.04757       374       640    0.9454    0.6703     0.748    0.7427    0.6628   0.01548    0.0146  0.004548
     46/99     22.8G   0.02364   0.01974  0.003636   0.04701       356       640    0.9365     0.654    0.7263    0.7221     0.645   0.01519    0.0142   0.00594
     47/99     22.8G   0.02333   0.01935  0.003541   0.04622       255       640    0.9465    0.6649    0.7359    0.7306    0.6547   0.01534    0.0143  0.004586
     48/99     22.8G   0.02306   0.01924  0.003528   0.04582       313       640    0.9369    0.6766    0.7409    0.7374    0.6657   0.01491   0.01389   0.00464
     49/99     22.8G   0.02336   0.01954  0.003463   0.04636       286       640    0.9304    0.6759     0.732    0.7271    0.6565   0.01485   0.01398  0.004933
     50/99     22.8G   0.02298   0.01943  0.003322   0.04573       281       640    0.9427    0.6566     0.737    0.7325    0.6573   0.01492   0.01433  0.005643
     51/99     22.8G   0.02249   0.01923  0.003374   0.04509       317       640    0.9184    0.6657    0.7435    0.7393    0.6641   0.01463   0.01362   0.00547
     52/99     22.8G   0.02241   0.01893  0.003313   0.04466       271       640    0.9441     0.659    0.7335    0.7293    0.6501    0.0152   0.01427  0.004906
     53/99     17.6G   0.02266   0.01897  0.003326   0.04495       359       640    0.9448    0.6702    0.7452    0.7418    0.6704    0.0146   0.01362  0.004489
     54/99     22.9G   0.02213   0.01845  0.003347   0.04393       357       640    0.9085    0.6653    0.7314    0.7265    0.6593   0.01445    0.0132  0.005693
     55/99     22.9G   0.02205   0.01826  0.003298   0.04361       235       640     0.943    0.6747    0.7502    0.7469    0.6771    0.0144   0.01355  0.004242
     56/99     22.9G   0.02188   0.01815  0.003209   0.04325       299       640    0.9394    0.6692    0.7459     0.743    0.6747    0.0145    0.0136  0.004671
     57/99     22.9G   0.02188   0.01807  0.003179   0.04314       227       640    0.9294     0.662    0.7318    0.7292    0.6604   0.01456    0.0136  0.005075
     58/99     22.9G   0.02146   0.01803  0.003236   0.04273       282       640    0.9417     0.673    0.7528    0.7497     0.675   0.01441   0.01346  0.004581
     59/99     22.9G   0.02144   0.01795  0.003221   0.04261       267       640    0.9381    0.6743    0.7443    0.7416    0.6721   0.01408   0.01322  0.004803
     60/99     22.9G   0.02136   0.01792  0.003098   0.04237       366       640     0.939    0.6795    0.7437    0.7401    0.6793   0.01366    0.0128  0.004378
     61/99     22.9G   0.02086   0.01745  0.003075   0.04139       241       640    0.9435    0.6741    0.7461    0.7428    0.6806   0.01379   0.01287  0.004486
     62/99     22.9G    0.0207   0.01722  0.002968   0.04089       222       640    0.9342    0.6684    0.7563    0.7539     0.689    0.0137    0.0128  0.004911
     63/99     22.9G   0.02058   0.01704  0.003015   0.04063       306       640     0.927    0.6731    0.7572    0.7534     0.693   0.01352    0.0127    0.0054
     64/99     22.9G   0.02039   0.01681  0.003001    0.0402       187       640    0.9368    0.6708    0.7508    0.7481    0.6924   0.01313    0.0122   0.00489
     65/99     22.9G   0.02046    0.0169     0.003   0.04037       240       640     0.947    0.6631    0.7415    0.7378    0.6753   0.01357    0.0127  0.005041
     66/99     22.9G   0.02018   0.01669  0.002844   0.03972       271       640     0.955     0.671    0.7547    0.7521    0.6911   0.01358   0.01275  0.004148
     67/99     22.9G   0.02002   0.01649   0.00287   0.03938       345       640    0.9305    0.6549    0.7555    0.7528    0.7031    0.0127    0.0117  0.005021
     68/99     22.9G   0.01967   0.01642  0.002708    0.0388       233       640    0.9319    0.6799    0.7594    0.7571    0.7005   0.01316   0.01224  0.004736
     69/99     22.9G   0.01985    0.0165  0.002855   0.03921       261       640    0.6326     0.769    0.7572    0.7547    0.7045   0.01284   0.01178  0.004874
     70/99     22.9G   0.01959   0.01606  0.002801   0.03845       260       640    0.6058    0.8085    0.7781    0.7758    0.7172   0.01286   0.01194  0.004942
     71/99     22.9G   0.01952   0.01594  0.002821   0.03828       277       640    0.7237    0.7455    0.7645    0.7619    0.7128   0.01253   0.01152  0.004875
     72/99     22.9G     0.019   0.01583  0.002621   0.03745       341       640    0.9491    0.6624    0.7713    0.7691    0.7195   0.01258   0.01152  0.004636
     73/99     22.9G   0.01945   0.01582  0.002729   0.03801       242       640    0.9358    0.6832    0.7513     0.749    0.6968   0.01271   0.01175  0.004611
     74/99     22.9G   0.01912   0.01568  0.002596    0.0374       405       640       0.6    0.8072    0.7582    0.7562    0.7136   0.01212   0.01106  0.004924
     75/99     22.9G   0.01887    0.0158  0.002639   0.03731       371       640    0.6264    0.8079    0.7637    0.7622    0.7181   0.01222   0.01121  0.004625
     76/99     22.9G   0.01915   0.01578  0.002582   0.03751       262       640     0.707    0.8057     0.796    0.7938    0.7475   0.01217   0.01116  0.004383
     77/99     22.9G   0.01875   0.01515  0.002515   0.03641       236       640    0.6829    0.7857     0.779    0.7768    0.7334   0.01197   0.01101  0.004088
     78/99     22.9G   0.01866   0.01539   0.00254    0.0366       270       640    0.8217    0.7415    0.7787    0.7766    0.7317   0.01204   0.01096  0.004641
     79/99     22.9G    0.0187   0.01551  0.002579   0.03678       320       640    0.6993    0.7442    0.7531    0.7514    0.7124   0.01193   0.01082  0.004472
     80/99     22.9G   0.01827   0.01512  0.002514   0.03591       287       640    0.7087    0.7811    0.7832    0.7807    0.7342     0.012   0.01089  0.004298
     81/99     22.9G    0.0184   0.01508   0.00249   0.03597       291       640    0.6413    0.7856    0.7575    0.7561    0.7122   0.01204   0.01098  0.004919
     82/99     22.9G   0.01837   0.01503  0.002527   0.03592       357       640    0.7622    0.7551     0.775    0.7729    0.7277   0.01192   0.01099  0.004466
     83/99     22.9G   0.01842   0.01511  0.002386   0.03592       257       640    0.8088     0.793    0.8012    0.7999    0.7502   0.01207   0.01112  0.004505
     84/99     22.9G   0.01824   0.01509  0.002295   0.03563       229       640    0.6844    0.8268    0.7785     0.777    0.7366   0.01183    0.0108  0.004653
     85/99     22.9G   0.01776    0.0145  0.002347   0.03461       285       640    0.7497    0.7791    0.7791    0.7771    0.7338   0.01179   0.01079  0.004627
     86/99     22.9G   0.01793   0.01436  0.002437   0.03472       325       640    0.6536    0.8083     0.767    0.7654    0.7182   0.01226   0.01142  0.004167
     87/99     22.9G   0.01803   0.01465  0.002384   0.03507       270       640    0.6878    0.7427    0.7459    0.7441    0.7091   0.01158   0.01051   0.00412
     88/99     22.9G   0.01779   0.01447  0.002215   0.03448       327       640    0.6897    0.7586    0.7489    0.7471    0.7095   0.01172   0.01066  0.004781
     89/99     22.9G   0.01763   0.01407  0.002338   0.03404       316       640    0.7853    0.7913    0.7859    0.7837    0.7421   0.01169   0.01073  0.004982
     90/99     22.9G    0.0176   0.01416  0.002262   0.03403       301       640     0.756     0.768    0.7723    0.7706    0.7342   0.01152   0.01055  0.004736
     91/99     22.9G   0.01757   0.01437  0.002254   0.03419       251       640    0.7764    0.7495    0.7686    0.7665    0.7316   0.01169   0.01072  0.004635
     92/99     22.9G   0.01768   0.01413  0.002249   0.03406       311       640    0.7675     0.753    0.7536    0.7518    0.7118   0.01175   0.01091  0.004516
     93/99     22.9G   0.01749   0.01393  0.002264   0.03369       311       640    0.7643    0.7924    0.7819    0.7798    0.7394   0.01171   0.01073  0.004554
     94/99     22.9G   0.01754   0.01406  0.002245   0.03385       264       640    0.7522    0.7947    0.7722    0.7705    0.7314   0.01167   0.01067  0.004176
     95/99     22.9G   0.01743   0.01387  0.002186   0.03349       276       640    0.7534    0.7764    0.7622    0.7605    0.7218    0.0116   0.01056   0.00444
     96/99     22.9G   0.01771     0.014  0.002246   0.03396       310       640    0.7737    0.7693    0.7705    0.7694    0.7335   0.01137   0.01021  0.004436
     97/99     22.9G   0.01724   0.01363  0.002145   0.03302       231       640    0.7518    0.7699    0.7639     0.762    0.7255   0.01152   0.01044  0.004411
     98/99     22.9G   0.01741   0.01405  0.002128   0.03359       374       640    0.7417     0.798    0.7695    0.7676    0.7329   0.01123   0.01013  0.004342
     99/99     22.9G   0.01759   0.01409  0.002138   0.03382       356       640    0.7579    0.7906    0.7721    0.7705    0.7356   0.01134   0.01024  0.004501
