      0/99     14.1G   0.07631   0.04195         0    0.1183        65       640    0.5511    0.5287    0.5009   0.03923     0.153    0.0598   0.02691         0
      1/99     23.2G   0.05658   0.02958         0   0.08617        76       640    0.7409    0.6094    0.6847    0.2087    0.2848   0.04658   0.02074         0
      2/99     23.2G   0.04793   0.02605         0   0.07398        52       640    0.7418     0.657     0.715    0.2705    0.3324   0.04985   0.02369         0
      3/99     23.2G   0.04234   0.02436         0    0.0667        42       640     0.894     0.815    0.8852    0.4783    0.4807   0.03665   0.01532         0
      4/99     23.2G   0.03932   0.02308         0    0.0624        84       640    0.5419    0.3773    0.3808    0.1449    0.1708   0.06695   0.02168         0
      5/99     23.2G   0.03801   0.02244         0   0.06045        61       640    0.7665    0.6613    0.7247    0.2633    0.3258   0.04852   0.01755         0
      6/99     23.2G   0.03661    0.0219         0   0.05851        55       640     0.878     0.715    0.8128    0.3883    0.4214   0.04425   0.01643         0
      7/99     23.2G   0.03578   0.02149         0   0.05727        50       640    0.9294    0.8566    0.9258    0.6047     0.557   0.03222   0.01414         0
      8/99     23.2G   0.03524   0.02132         0   0.05656        63       640    0.9158    0.8574    0.9247    0.5608    0.5337   0.03284   0.01406         0
      9/99     23.2G   0.03442   0.02094         0   0.05537        46       640    0.9081    0.8866    0.9277    0.6305    0.5717   0.03149   0.01403         0
     10/99     23.2G   0.03395   0.02071         0   0.05466        57       640    0.9151    0.8235    0.9077    0.5302     0.512   0.03543   0.01463         0
     11/99     23.2G   0.03355   0.02054         0   0.05409        53       640    0.9238    0.8619    0.9305    0.6162      0.57   0.03147   0.01396         0
     12/99     23.2G   0.03313   0.02025         0   0.05338        35       640    0.8819    0.8239    0.8892    0.5227    0.5091    0.0358   0.01457         0
     13/99     23.2G   0.03286   0.02013         0   0.05299        75       640    0.9388    0.8909    0.9492    0.6665    0.6008   0.03002   0.01275         0
     14/99     23.2G   0.03248   0.01989         0   0.05238        50       640    0.9361    0.9008    0.9541    0.6715    0.6063   0.02949   0.01269         0
     15/99     23.2G   0.03211   0.01994         0   0.05205        57       640    0.9488    0.8846    0.9502    0.6529    0.5891   0.03016   0.01315         0
     16/99     23.2G   0.03193   0.01963         0   0.05156        73       640    0.9444    0.8908    0.9542    0.6566    0.5975   0.03029   0.01258         0
     17/99     23.2G   0.03176   0.01947         0   0.05122        58       640    0.9386     0.882    0.9451     0.666    0.5959    0.0302   0.01309         0
     18/99     23.2G    0.0314   0.01958         0   0.05098        64       640    0.9152    0.8873    0.9387    0.6275    0.5782   0.03121   0.01321         0
     19/99     23.2G   0.03155   0.01945         0     0.051        64       640     0.943    0.8996    0.9571    0.6755    0.6124    0.0293   0.01235         0
     20/99     23.2G   0.03112   0.01932         0   0.05043        50       640    0.9532    0.8875    0.9565    0.6938    0.6193   0.02851   0.01273         0
     21/99     23.2G   0.03098   0.01945         0   0.05043        50       640    0.9429    0.9052    0.9597    0.6918    0.6209   0.02862   0.01224         0
     22/99     23.2G   0.03087   0.01918         0   0.05005        50       640    0.9427    0.9016    0.9585    0.6933    0.6179   0.02878   0.01249         0
     23/99     23.2G   0.03074   0.01904         0   0.04979        67       640    0.9292    0.8773     0.943    0.6617    0.6026    0.0301   0.01289         0
     24/99     23.2G   0.03058   0.01907         0   0.04966        57       640    0.9369    0.8779    0.9447    0.6766      0.61   0.02942   0.01287         0
     25/99     23.2G   0.03034   0.01894         0   0.04928        62       640    0.9429    0.9035    0.9587    0.6746    0.6126   0.02876   0.01239         0
     26/99     23.2G   0.03028   0.01893         0   0.04921        57       640    0.9438    0.8945    0.9512    0.6572    0.5992   0.02988   0.01266         0
     27/99     23.2G   0.03015   0.01895         0    0.0491        62       640    0.9501    0.9129    0.9644    0.6906    0.6214   0.02839   0.01201         0
     28/99     23.2G   0.02998   0.01889         0   0.04887        42       640    0.9541    0.9005    0.9611    0.6861    0.6171   0.02836   0.01234         0
     29/99     23.2G   0.02978   0.01879         0   0.04856        48       640    0.9485    0.9108    0.9589    0.6677    0.6102   0.02878   0.01229         0
     30/99     23.2G   0.02968   0.01859         0   0.04827        47       640    0.9531    0.9089    0.9618    0.6879    0.6166    0.0283   0.01233         0
     31/99     23.2G   0.02959   0.01856         0   0.04815        77       640    0.9582    0.9067    0.9629     0.675     0.615   0.02843   0.01224         0
     32/99     23.2G   0.02937   0.01849         0   0.04787        57       640    0.9498    0.9056    0.9605    0.6764    0.6134   0.02874   0.01217         0
     33/99     23.2G   0.02925   0.01836         0   0.04761        66       640    0.9593    0.9086    0.9652    0.6928    0.6254   0.02791   0.01202         0
     34/99     23.2G    0.0293   0.01831         0   0.04761        63       640    0.9462    0.9151    0.9643    0.6959    0.6218   0.02809   0.01197         0
     35/99     23.2G   0.02909    0.0183         0   0.04738        51       640    0.9531     0.918    0.9649    0.7073    0.6285   0.02784   0.01191         0
     36/99     23.2G   0.02888   0.01821         0   0.04709        46       640    0.9572    0.9141    0.9646     0.686      0.62   0.02798   0.01199         0
     37/99     23.2G   0.02879   0.01823         0   0.04702        55       640     0.951    0.9069    0.9615    0.6931    0.6196   0.02819   0.01229         0
     38/99     23.2G   0.02867   0.01836         0   0.04703        48       640    0.9558     0.908    0.9642    0.6927    0.6186   0.02789   0.01218         0
     39/99     23.2G   0.02853   0.01825         0   0.04678        61       640    0.9542    0.9066    0.9632     0.686    0.6165   0.02816    0.0122         0
     40/99     23.2G   0.02852   0.01794         0   0.04646        57       640    0.9545    0.9043    0.9611    0.6795     0.612   0.02809   0.01222         0
     41/99     23.2G   0.02846   0.01808         0   0.04653        74       640    0.9537    0.9144    0.9655    0.7033    0.6244    0.0277   0.01197         0
     42/99     23.2G   0.02836   0.01798         0   0.04634        58       640    0.9497     0.912    0.9626      0.69    0.6186    0.0281   0.01209         0
     43/99     23.2G   0.02823   0.01774         0   0.04597        59       640    0.9493    0.9149    0.9649    0.7048    0.6269   0.02781   0.01205         0
     44/99     23.2G   0.02809   0.01788         0   0.04598        57       640    0.9497     0.915    0.9659    0.7092    0.6284   0.02746   0.01197         0
     45/99     23.2G   0.02806   0.01765         0   0.04572        61       640    0.9539    0.9117    0.9656    0.7027    0.6273   0.02746   0.01205         0
     46/99     23.2G   0.02794   0.01794         0   0.04587        48       640    0.9574     0.911    0.9649    0.6996    0.6237   0.02766   0.01208         0
     47/99     23.2G   0.02778   0.01763         0   0.04542        44       640     0.952    0.9175     0.965    0.6906    0.6197   0.02788   0.01211         0
     48/99     23.2G    0.0278   0.01753         0   0.04532        45       640     0.954    0.9155    0.9657    0.6946    0.6242   0.02762   0.01206         0
     49/99     23.2G   0.02773   0.01764         0   0.04537        55       640    0.9567    0.9135    0.9662    0.7026    0.6249   0.02731   0.01201         0
     50/99     23.2G    0.0276   0.01755         0   0.04515        42       640    0.9567    0.9114    0.9671    0.6962    0.6224   0.02744   0.01207         0
     51/99     23.2G   0.02741   0.01749         0    0.0449        69       640    0.9527    0.9169    0.9674    0.7038    0.6259   0.02738   0.01198         0
     52/99     23.2G   0.02747   0.01769         0   0.04516        47       640    0.9495     0.919    0.9671    0.7058    0.6273   0.02723   0.01198         0
     53/99     23.2G    0.0274   0.01753         0   0.04493        61       640    0.9522    0.9144    0.9658    0.7086     0.627   0.02726   0.01206         0
     54/99     23.2G   0.02705   0.01731         0   0.04436        50       640    0.9526    0.9148    0.9656    0.7063    0.6256   0.02733   0.01211         0
     55/99     23.2G   0.02716   0.01728         0   0.04444        64       640     0.959    0.9115    0.9662    0.7049     0.626   0.02723    0.0121         0
     56/99     23.2G   0.02713   0.01759         0   0.04472        53       640    0.9558    0.9127    0.9659    0.7058    0.6248   0.02724   0.01213         0
     57/99     23.2G   0.02688   0.01719         0   0.04407        56       640    0.9505    0.9178    0.9662    0.7056    0.6251   0.02727   0.01212         0
     58/99     23.2G   0.02675   0.01689         0   0.04363        51       640    0.9532    0.9173    0.9667    0.7054     0.627   0.02728   0.01211         0
     59/99     23.2G   0.02673   0.01715         0   0.04389        48       640    0.9469    0.9235    0.9663    0.7109    0.6287   0.02723   0.01206         0
     60/99     23.2G   0.02677   0.01715         0   0.04392        54       640    0.9543     0.914    0.9659    0.7097    0.6288   0.02726   0.01209         0
    