      0/99     12.8G    0.1044   0.07655   0.03412    0.2151       127       640 0.0009884   0.00639 0.0001655 7.675e-07 2.838e-05     0.097   0.07731    0.0337
      1/99     14.1G   0.09093   0.06406   0.02503      0.18       209       640    0.1244    0.1684    0.1028  0.002437    0.0249   0.07813   0.07543   0.02445
      2/99     14.1G   0.07531   0.05254   0.01972    0.1476       152       640    0.5744    0.1093    0.1079  0.007528   0.03154   0.07308    0.1159   0.03224
      3/99     14.1G   0.06524    0.0473   0.01787    0.1304       213       640    0.8011    0.2845    0.3165   0.05833    0.1202   0.06115   0.05567   0.02205
      4/99     14.1G   0.05508   0.04226   0.01517    0.1125       211       640    0.7091    0.4634    0.4957    0.2355    0.2531   0.04277   0.04332   0.01609
      5/99     14.1G   0.04873   0.03887   0.01321    0.1008       195       640    0.8398    0.5264     0.601    0.3344    0.3243   0.03792    0.0359   0.01178
      6/99     14.1G    0.0449   0.03583   0.01128   0.09201       125       640      0.87    0.5692    0.6504    0.4194    0.3859   0.03466   0.03226   0.01042
      7/99     14.1G   0.04191    0.0345   0.01068   0.08709       119       640    0.8666      0.56     0.662    0.5264    0.4407   0.02996   0.03132   0.01254
      8/99     14.1G   0.03985   0.03334  0.009431   0.08262       206       640      0.88    0.5748    0.6654    0.5481    0.4628   0.02815   0.02958   0.01169
      9/99     14.1G   0.03882   0.03211    0.0091   0.08003       120       640    0.8844    0.5914    0.7477     0.541    0.4779   0.02902   0.02897  0.009596
     10/99     14.1G   0.03689   0.03106  0.008555    0.0765       206       640    0.8373    0.5702    0.6704    0.5487    0.4588   0.02858   0.03152   0.01197
     11/99     14.1G   0.03582   0.03037  0.007833   0.07402       250       640    0.8327    0.5749    0.6967    0.5718    0.4907   0.02567   0.02643   0.01214
     12/99     14.1G   0.03544   0.02989   0.00762   0.07294       197       640    0.9214    0.6062    0.7275    0.6117    0.5254   0.02445   0.02418  0.009266
     13/99     14.1G   0.03388   0.02847  0.007147   0.06949       142       640    0.8713    0.6139    0.7094    0.6583    0.5508   0.02352   0.02375  0.009601
     14/99     14.1G   0.03349   0.02836   0.00704   0.06888       218       640    0.8449    0.5942    0.6638    0.6068    0.5005    0.0231   0.02489   0.01068
     15/99     14.1G   0.03238   0.02767   0.00661   0.06666       229       640    0.9002    0.6127    0.7165    0.6654    0.5487    0.0229   0.02267  0.009765
     16/99     14.1G   0.03257   0.02753   0.00672   0.06682       228       640    0.7868    0.5977    0.6395    0.5947    0.4923   0.02294   0.02469   0.01469
     17/99     14.1G   0.03132   0.02679  0.006657   0.06477       154       640    0.9054    0.6131    0.7251    0.6768    0.5645     0.022     0.022  0.008371
     18/99     14.1G   0.03116   0.02693  0.006338   0.06443       176       640    0.9008    0.6236    0.7011    0.6683    0.5653   0.02051   0.02079  0.007446
     19/99     14.1G   0.03033   0.02547  0.005971   0.06177       212       640    0.8649     0.591    0.7116     0.674    0.5704    0.0206   0.02059  0.009808
     20/99     14.1G   0.03003   0.02534  0.005866   0.06123       203       640    0.9085    0.6294    0.7109    0.6847    0.5821   0.01997   0.01994  0.008454
     21/99     14.1G   0.02951   0.02526  0.005561   0.06033       147       640    0.8856    0.6437    0.7088    0.6846    0.5836   0.01991   0.02038  0.007851
     22/99     14.1G   0.02959   0.02547   0.00561   0.06068       147       640    0.9067    0.6277    0.7125    0.6822    0.5824    0.0198   0.02018  0.007524
     23/99     14.1G   0.02921   0.02496  0.005374   0.05954       145       640    0.9127    0.6468    0.7107    0.6833    0.5773   0.01945   0.01966  0.006921
     24/99     14.1G   0.02848    0.0242  0.005367   0.05805       191       640    0.9234    0.6426    0.7159    0.6982    0.5997   0.01868   0.01886   0.00723
     25/99     14.1G   0.02828   0.02422  0.005198    0.0577       152       640     0.878    0.6536    0.7227    0.7005    0.6004   0.01911   0.01925  0.007652
     26/99     14.1G    0.0277   0.02338  0.005149   0.05622       131       640    0.9366    0.6339    0.7083    0.6887    0.5922   0.01869   0.01881  0.006625
     27/99     14.1G   0.02725   0.02336   0.00514   0.05575       223       640    0.9336     0.634    0.7018    0.6836    0.5868   0.01848   0.01844  0.007624
     28/99     14.1G   0.02748   0.02346  0.005003   0.05594       244       640     0.938    0.6322    0.7223    0.7012    0.6082   0.01821   0.01782  0.008295
     29/99     14.1G   0.02704   0.02339  0.004987   0.05541       176       640    0.8914    0.6422    0.6823    0.6603    0.5674   0.01913   0.01988  0.007166
     30/99     14.1G   0.02737   0.02333    0.0049   0.05559       116       640    0.9045    0.6486    0.7301    0.7113    0.6112    0.0176   0.01758  0.007791
     31/99     14.1G    0.0267   0.02312  0.004701   0.05452       196       640    0.9282    0.6385    0.7304    0.7084     0.623   0.01764    0.0177  0.006965
     32/99     14.1G   0.02619   0.02265  0.004644   0.05349       200       640    0.9263    0.6464    0.7212    0.7029    0.6183   0.01756   0.01728   0.00672
     33/99     14.1G   0.02607   0.02232  0.004627   0.05303       151       640    0.9269    0.6565    0.7306    0.7115    0.6145   0.01796   0.01767  0.006424
     34/99     14.1G   0.02623    0.0226  0.004518   0.05335       193       640    0.9204    0.6559    0.7179    0.7003    0.6048    0.0178   0.01755  0.006547
     35/99     14.1G   0.02605   0.02204    0.0045   0.05259       206       640    0.9483    0.6511    0.7388    0.7291    0.6466   0.01654   0.01646  0.006187
     36/99     14.1G   0.02549   0.02186  0.004378   0.05172       227       640    0.9398    0.6518    0.7349    0.7217    0.6295   0.01734   0.01732  0.006079
     37/99     14.1G   0.02514    0.0216  0.004299   0.05105       182       640    0.9199    0.6606    0.7517    0.7411    0.6535   0.01672   0.01675  0.006232
     38/99     14.1G   0.02506   0.02171  0.004404   0.05117       187       640    0.9221    0.6602    0.7556    0.7403    0.6491   0.01694   0.01705   0.00664
     39/99     14.1G   0.02482   0.02116  0.004332   0.05032       173       640    0.9153    0.6502    0.7371    0.7232    0.6356   0.01709    0.0169  0.006698
     40/99     14.1G   0.02451   0.02092  0.004121   0.04956       224       640    0.9079    0.6767    0.7517     0.741    0.6475   0.01694   0.01688  0.005822
     41/99     14.1G   0.02453   0.02137  0.004109   0.05001       184       640    0.9248    0.6544    0.7515    0.7437    0.6536   0.01646   0.01609  0.006313
     42/99     14.1G   0.02471   0.02156  0.004063   0.05033       142       640    0.9176    0.6608    0.7461    0.7391    0.6541   0.01599   0.01577  0.006339
     43/99     14.1G   0.02403   0.02086  0.004178   0.04907       236       640    0.9313    0.6604    0.7688    0.7605    0.6675    0.0164   0.01614  0.005801
     44/99     14.1G   0.02398   0.02111  0.004016    0.0491       158       640    0.9419    0.6548    0.7642    0.7571    0.6658   0.01606   0.01593  0.005666
     45/99     14.1G   0.02414   0.02114  0.003759   0.04903       197       640    0.9322    0.6715    0.7489     0.741    0.6563   0.01621   0.01583  0.005279
     46/99     14.1G   0.02388   0.02072  0.003936   0.04854       167       640    0.9242    0.6477    0.7556    0.7452    0.6641   0.01578   0.01565  0.006927
     47/99     14.1G   0.02341   0.02033  0.004139   0.04787       178       640    0.9365    0.6718    0.7547    0.7459    0.6648   0.01599   0.01581  0.005154
     48/99     14.1G   0.02374   0.02036  0.003805    0.0479       202       640    0.9249    0.6729    0.7659      0.76     0.674   0.01614   0.01587  0.005741
     49/99     14.1G   0.02323   0.01973  0.003759   0.04672       189       640    0.9393    0.6545     0.758    0.7497    0.6685   0.01563   0.01535  0.005557
     50/99     14.1G    0.0232   0.01998  0.003684   0.04686       206       640    0.9285    0.6644     0.756    0.7496    0.6712   0.01553   0.01525  0.006066
     51/99     14.1G    0.0232   0.01977  0.003779   0.04675       213       640    0.9338    0.6675    0.7524    0.7453    0.6706   0.01558    0.0151  0.005716
     52/99     14.1G   0.02267      0.02  0.003732    0.0464       187       640    0.9287    0.6736    0.7553    0.7479    0.6767   0.01505   0.01473  0.005836
     53/99     14.1G    0.0226   0.01953  0.003671    0.0458       160       640    0.9465    0.6528    0.7627    0.7558    0.6743   0.01524   0.01502  0.005772
     54/99     14.1G   0.02241   0.01953  0.003623   0.04556       202       640    0.9164    0.6844    0.7691    0.7624    0.6843   0.01517   0.01487  0.005197
     55/99     14.3G   0.02225    0.0195  0.003614   0.04536       127       640    0.9132    0.6694    0.7486     0.743    0.6667   0.01526   0.01512  0.005745
     56/99     14.3G   0.02179   0.01804  0.002798   0.04263       127       640    0.9311    0.6699    0.7604     0.755    0.6772    0.0151   0.01475  0.005529
     57/99     14.1G    0.0222   0.01976   0.00352   0.04548       209       640    0.9418    0.6669    0.7619    0.7559    0.6765   0.01517   0.01474  0.005525
     58/99     14.2G   0.02202   0.01937  0.003554   0.04494       152       640    0.9408    0.6541    0.7614    0.7549    0.6815   0.01498    0.0148  0.005866
     59/99     14.2G   0.02189   0.01904  0.003543   0.04447       213       640    0.9401    0.6654     0.767    0.7614    0.6815   0.01549   0.01504  0.005278
     60/99     14.2G   0.02156   0.01899  0.003344   0.04389       211       640      0.62    0.8162    0.7765    0.7709    0.6924   0.01529   0.01484  0.005161
     61/99     14.2G   0.02161   0.01903  0.003492   0.04413       195       640    0.6153    0.8146    0.7849    0.7795    0.7036   0.01486   0.01445  0.004945
     62/99     14.2G   0.02168    0.0187  0.003325    0.0437       125       640    0.9395    0.6597    0.7838     0.769     0.702   0.01486   0.01455  0.005516
     63/99     14.2G   0.02111   0.01853  0.003338   0.04297       119       640    0.9174    0.6718    0.7798    0.7745    0.6969   0.01516   0.01445  0.005435
     64/99     14.2G   0.02117    0.0186  0.003234   0.04301       206       640    0.6095    0.8094    0.7761    0.7714    0.6985   0.01484   0.01444  0.005049
     65/99     14.2G   0.02111   0.01852   0.00329   0.04293       120       640    0.5978    0.8081    0.7811    0.7759    0.7009   0.01481   0.01425  0.005075
     66/99     14.2G   0.02086   0.01833  0.003244   0.04243       206       640    0.9413    0.6702    0.7695    0.7633    0.6924   0.01449   0.01402  0.004944
     67/99     14.2G   0.02099   0.01839  0.003169   0.04255       250       640    0.9363    0.6733    0.7728    0.7677    0.6926   0.01472   0.01428   0.00502
     68/99     14.2G   0.02077   0.01835  0.003189   0.04231       197       640    0.5798    0.8328    0.7786    0.7732    0.7042   0.01427   0.01393  0.005089
     69/99     14.2G   0.02059   0.01786  0.003115   0.04157       142       640     0.572    0.8537    0.7818     0.776    0.7043   0.01448   0.01409  0.005067
     70/99     14.2G   0.02035   0.01791  0.003018   0.04129       218       640    0.9241    0.6794    0.7783    0.7742    0.6951   0.01468   0.01422  0.005266
     71/99     14.2G   0.02031    0.0178  0.002996    0.0411       229       640     0.931    0.6692    0.7778    0.7713    0.7022   0.01431    0.0137  0.005433
     72/99     14.2G   0.02049    0.0179  0.003055   0.04144       228       640    0.9433     0.662    0.7683    0.7627    0.6912   0.01422   0.01383  0.005317
     73/99     14.2G      0.02    0.0175  0.002987   0.04049       154       640    0.6057    0.8304    0.7741    0.7687    0.6995   0.01436   0.01387  0.004972
     74/99     14.2G   0.01998   0.01773   0.00291   0.04062       176       640    0.9363    0.6722    0.7726    0.7672    0.6986   0.01426   0.01365  0.005194
     75/99     14.2G   0.01992   0.01701  0.002882   0.03981       212       640    0.9335    0.6728    0.7659    0.7586    0.6892   0.01456   0.01407  0.005116
     76/99     14.2G   0.01963   0.01697  0.002945   0.03954       203       640    0.5839    0.8258     0.761     0.756    0.6915    0.0139   0.01339  0.004979
     77/99     14.2G   0.01981   0.01727  0.002804   0.03988       147       640    0.6153    0.8279    0.7638    0.7586    0.6928   0.01373   0.01321  0.005377
     78/99     14.2G   0.01971   0.01736  0.002848   0.03991       147       640    0.6109    0.8084    0.7536    0.7482    0.6824   0.01408   0.01342  0.005162
     79/99     14.2G   0.01955   0.01709  0.002811   0.03945       145       640    0.6939    0.7656     0.775    0.7688    0.7032   0.01393   0.01339   0.00506
     80/99     14.2G   0.01915   0.01653  0.002805   0.03849       191       640    0.9501    0.6658    0.7667    0.7616    0.6963   0.01416    0.0137  0.005362
     81/99     14.2G   0.01929    0.0168   0.00284   0.03894       152       640    0.6874    0.7966    0.7943    0.7879    0.7229   0.01391   0.01328  0.005513
     82/99     14.2G   0.01885   0.01619  0.002754   0.03779       131       640    0.6123    0.8435    0.7718    0.7644    0.6943   0.01422   0.01372  0.005574
     83/99     14.2G   0.01874    0.0161  0.002708   0.03755       223       640    0.8241    0.7521    0.7882     0.782    0.7122   0.01429   0.01379   0.00548
     84/99     14.2G   0.01895    0.0163  0.002785   0.03804       244       640    0.6252    0.8058     0.761    0.7567    0.6871   0.01435   0.01402  0.005208
     85/99     14.2G   0.01875   0.01622   0.00277   0.03774       176       640    0.7446    0.7551    0.7684    0.7626    0.6918   0.01417   0.01374  0.005376
     86/99     14.2G   0.01893   0.01625  0.002682   0.03786       116       640     0.805    0.7531    0.7803    0.7729    0.7106   0.01346   0.01293  0.005514
     87/99     14.2G   0.01875   0.01618  0.002616   0.03755       196       640    0.7879    0.7556    0.7949    0.7918    0.7197   0.01364   0.01319  0.005019
     88/99     14.2G   0.01868   0.01598  0.002679   0.03734       200       640    0.7886    0.7768    0.8072    0.8027    0.7403   0.01331   0.01283  0.005142
     89/99     14.2G    0.0184   0.01566  0.002659   0.03671       151       640    0.8348     0.756    0.8063     0.802    0.7358   0.01365   0.01324  0.005405
     90/99     14.2G   0.01851   0.01589  0.002554   0.03696       193       640    0.8425    0.7663    0.8165     0.811    0.7456   0.01369   0.01338    0.0053
     91/99     14.2G   0.01859   0.01554  0.002578   0.03671       206       640    0.8285    0.7724    0.8077     0.805    0.7464   0.01294   0.01247  0.005181
     92/99     14.2G   0.01829   0.01551  0.002539   0.03635       227       640    0.7941    0.7943    0.7977    0.7931     0.738   0.01307   0.01267  0.004843
     93/99     14.2G   0.01809   0.01528  0.002506   0.03588       182       640    0.8065    0.7706    0.7936    0.7892    0.7383   0.01275   0.01232  0.005248
     94/99     14.2G   0.01816   0.01549  0.002592   0.03625       187       640     0.747    0.7884     0.787    0.7833    0.7329   0.01259   0.01224  0.005208
     95/99     14.2G   0.01789   0.01506  0.002557    0.0355       173       640    0.7224    0.7954    0.7809    0.7775    0.7265   0.01274   0.01227  0.004959
     96/99     14.2G   0.01798   0.01504  0.002442   0.03547       224       640    0.7744    0.7676    0.7748    0.7708    0.7217   0.01271   0.01231  0.005288
     97/99     14.2G   0.01809   0.01539  0.002488   0.03597       184       640    0.8554    0.7327    0.7848    0.7802    0.7236   0.01327   0.01284  0.005508
     98/99     14.2G   0.01826   0.01559  0.002531   0.03638       142       640    0.8292    0.7633    0.8044    0.8007    0.7488   0.01251   0.01205  0.005424
     99/99     14.2G   0.01789   0.01504  0.002488   0.03542       236       640    0.8779    0.7299    0.7895    0.7851    0.7343   0.01266   0.01216  0.005359
