      0/99     11.6G   0.07759   0.04397         0    0.1216         3       640     0.513    0.4276    0.3985   0.02344    0.1147   0.06103   0.02559         0
      1/99     19.7G    0.0575   0.03192         0   0.08942         6       640    0.7648    0.6715    0.7484    0.2654    0.3398   0.04849   0.02344         0
      2/99     19.7G   0.04977   0.02792         0   0.07769         2       640    0.5328    0.5512    0.5095    0.1537    0.2167   0.05667   0.02541         0
      3/99     19.7G   0.04485   0.02566         0   0.07051         1       640    0.8937    0.7773    0.8694    0.4672    0.4685   0.03855   0.01654         0
      4/99     19.7G   0.04114   0.02408         0   0.06522         6       640     0.874    0.7652    0.8569    0.4819    0.4754   0.03822   0.01722         0
      5/99     19.7G   0.03925   0.02334         0   0.06259         1       640    0.8162    0.6887    0.7789    0.3796    0.4054   0.04247   0.01816         0
      6/99     19.7G   0.03798   0.02255         0   0.06053         2       640     0.891    0.8109    0.8928    0.4989    0.4986   0.03692    0.0156         0
      7/99     19.7G   0.03707   0.02217         0   0.05924         7       640     0.831    0.7086    0.7972    0.4388    0.4417   0.04324   0.01668         0
      8/99     19.7G   0.03647   0.02182         0   0.05829         4       640    0.8896    0.7855    0.8761    0.5276    0.5071   0.03755   0.01567         0
      9/99     19.7G   0.03554   0.02156         0    0.0571         0       640    0.9366    0.8769    0.9349    0.6438    0.5779   0.03173   0.01364         0
     10/99     19.7G   0.03528   0.02144         0   0.05672         5       640    0.9486    0.8684    0.9426     0.646    0.5883   0.03151    0.0135         0
     11/99     19.7G   0.03485   0.02134         0   0.05619         9       640    0.9286    0.8467    0.9275    0.6083    0.5635    0.0334   0.01415         0
     12/99     19.7G   0.03454   0.02103         0   0.05558         0       640    0.9354    0.8659    0.9396    0.6498    0.5894    0.0314   0.01389         0
     13/99     19.7G   0.03416   0.02085         0   0.05501         1       640    0.9452    0.8662    0.9439    0.6572    0.5927   0.03078   0.01355         0
     14/99     19.7G   0.03386   0.02057         0   0.05443         3       640    0.9027    0.8411    0.9135     0.579    0.5462     0.035   0.01454         0
     15/99     19.7G   0.03346   0.02055         0   0.05401         1       640    0.9228    0.8753    0.9394     0.636    0.5802   0.03204   0.01329         0
     16/99     19.7G   0.03335   0.02033         0   0.05368         3       640    0.8839    0.8129    0.8828    0.5264    0.5118   0.03694   0.01495         0
     17/99     19.7G   0.03296   0.02035         0   0.05331         2       640    0.8387    0.7775    0.8444    0.4795    0.4793   0.03975   0.01554         0
     18/99     19.7G    0.0327    0.0201         0    0.0528         7       640    0.9503    0.9029    0.9595    0.6999    0.6198   0.02947    0.0126         0
     19/99     19.7G   0.03253   0.02005         0   0.05258         2       640    0.9321    0.8942    0.9522    0.6568    0.5962   0.03091   0.01306         0
     20/99     19.7G   0.03238   0.02019         0   0.05257        11       640    0.8998    0.8387    0.9131    0.6029    0.5593   0.03433   0.01391         0
     21/99     19.7G   0.03211   0.01993         0   0.05204         7       640    0.9024    0.8611    0.9232    0.6124    0.5662   0.03375   0.01377         0
     22/99     19.7G   0.03217   0.02003         0    0.0522        10       640    0.9372     0.883    0.9467    0.6811    0.6078    0.0306   0.01311         0
     23/99     19.7G   0.03162   0.01949         0   0.05111         0       640    0.9252    0.8729    0.9362    0.6506    0.5898   0.03179   0.01338         0
     24/99     19.7G   0.03154   0.01976         0   0.05131         3       640    0.9365    0.8985    0.9528     0.688    0.6137   0.02982   0.01289         0
     25/99     19.7G   0.03153   0.01974         0   0.05126         6       640    0.9473    0.8908    0.9536    0.6762    0.6073   0.03044   0.01293         0
     26/99     19.7G   0.03135   0.01941         0   0.05076         1       640    0.9342    0.9033    0.9557    0.6977    0.6197   0.02953   0.01271         0
     27/99     19.7G   0.03111   0.01957         0   0.05068         5       640    0.9467    0.9078    0.9619    0.7177     0.632   0.02874   0.01245         0
     28/99     19.7G   0.03102   0.01935         0   0.05037         3       640    0.9265    0.8854    0.9448    0.6774    0.6066   0.03011   0.01314         0
     29/99     19.7G   0.03102   0.01949         0   0.05051         8       640    0.9459    0.9067    0.9601    0.7172    0.6301   0.02858   0.01241         0
     30/99     19.7G    0.0308   0.01928         0   0.05007         2       640     0.931    0.8936    0.9497    0.6715    0.6083   0.03076   0.01284         0
     31/99     19.7G   0.03071   0.01898         0   0.04969         5       640    0.9484    0.8977    0.9563    0.6898    0.6174    0.0295   0.01269         0
     32/99     19.7G   0.03066    0.0191         0   0.04977         4       640    0.9363    0.9035    0.9585    0.6851    0.6161   0.02975   0.01255         0
     33/99     19.7G   0.03043   0.01937         0   0.04979         7       640    0.9401    0.8991    0.9565    0.7046    0.6241   0.02921    0.0126         0
     34/99     19.7G   0.03024   0.01879         0   0.04903         1       640    0.9307    0.8963    0.9526    0.6689    0.6055   0.03035   0.01275         0
     35/99     19.7G   0.03029   0.01898         0   0.04927         1       640    0.9406    0.9035      0.96    0.7022    0.6211   0.02884   0.01249         0
     36/99     19.7G   0.03018   0.01885         0   0.04903         5       640    0.9408    0.9001    0.9562    0.6908    0.6164   0.02947   0.01247         0
     37/99     19.7G   0.02998   0.01896         0   0.04895        11       640    0.9375    0.8836    0.9477    0.6732    0.6047   0.03027   0.01289         0
     38/99     19.7G   0.02987   0.01894         0   0.04881         5       640    0.9349    0.9018    0.9515    0.6848    0.6117   0.03002   0.01272         0
     39/99     19.7G   0.02973   0.01881         0   0.04853         2       640    0.9413    0.8991    0.9563    0.6961    0.6161   0.02943   0.01253         0
     40/99     19.7G   0.02962   0.01854         0   0.04816         2       640    0.9498    0.9039     0.959    0.6967    0.6191    0.0292   0.01244         0
     41/99     19.7G   0.02949   0.01865         0   0.04814         3       640    0.9387     0.906    0.9569    0.6956    0.6177   0.02929   0.01251         0
     42/99     19.7G   0.02933    0.0185         0   0.04783         2       640    0.9415    0.9121      0.96    0.7144    0.6305   0.02857   0.01235         0
     43/99     19.7G   0.02954    0.0187         0   0.04824         4       640     0.941    0.9109    0.9605    0.7063    0.6251   0.02876    0.0123         0
     44/99     19.7G   0.02918   0.01828         0   0.04746         0       640    0.9375     0.913    0.9593    0.7033     0.621   0.02884   0.01244         0
     45/99     19.7G    0.0292   0.01853         0   0.04773         2       640    0.9334    0.9087    0.9571    0.7021    0.6204    0.0289   0.01242         0
     46/99     19.7G   0.02891   0.01836         0   0.04727         1       640    0.9392    0.9015    0.9556    0.7068    0.6232   0.02879   0.01241         0
     47/99     19.7G   0.02914   0.01835         0   0.04748         3       640    0.9411      0.91    0.9591    0.7124     0.627    0.0284   0.01233         0
     48/99     19.7G   0.02892   0.01841         0   0.04733         4       640     0.946     0.904    0.9596    0.7106    0.6275   0.02843   0.01237         0
     49/99     19.7G   0.02878   0.01849         0   0.04727         6       640    0.9398    0.9139    0.9599    0.7069    0.6272   0.02837   0.01232         0
     50/99     19.7G   0.02887   0.01833         0   0.04721         8       640    0.9427    0.9107    0.9583    0.7043     0.625   0.02845   0.01238         0
     51/99     19.7G   0.02883   0.01811         0   0.04693         3       640     0.941    0.9134    0.9605     0.718    0.6298    0.0283   0.01232         0
     52/99     19.7G   0.02835    0.0182         0   0.04655         9       640     0.937    0.9053    0.9541    0.7132    0.6275   0.02862   0.01252         0
     53/99     19.7G   0.02843   0.01806         0   0.04649         3       640    0.9405    0.9035    0.9571    0.7194    0.6327    0.0282    0.0124         0
     54/99     19.7G   0.02833   0.01798         0   0.04631         3       640    0.9327    0.9178    0.9609    0.7185    0.6303   0.02815   0.01228         0
     55/99     19.7G   0.02822   0.01802         0   0.04624         5       640    0.9423    0.9125     0.962    0.7182    0.6319   0.02813   0.01216         0
     56/99     19.7G   0.02816   0.01802         0   0.04618         2       640    0.9494    0.8991    0.9575    0.7082    0.6267   0.02853   0.01233         0
     57/99     19.7G   0.02799   0.01775         0   0.04575         4       640    0.9443     0.904    0.9578    0.7168    0.6311   0.02833   0.01233         0
     58/99     19.7G   0.02802   0.01772         0   0.04574         2       640    0.9438    0.9091    0.9586    0.7182    0.6332   0.02826   0.01225         0
     59/99     19.7G   0.02783   0.01778         0    0.0456         1       640    0.9368    0.9144    0.9579    0.7185    0.6316   0.02831   0.01223         0
     60/99     19.7G   0.02765   0.01754         0   0.04519         7       640     0.943    0.9075    0.9579    0.7199    0.6291   0.02834   0.01228         0
     61/99     19.7G   0.02769   0.01772         0   0.04541         3       640    0.9399    0.9087    0.9584     0.719    0.6299    0.0284   0.01225         0
     62/99     19.7G   0.02754   0.01758         0   0.04513         6       640    0.9501    0.9013    0.9587    0.7142    0.6299   0.02835   0.01233         0
     63/99     19.7G   0.02754   0.01763         0   0.04518         4       640     0.945    0.9071    0.9577    0.7073    0.6271   0.02848   0.01235         0
     64/99     19.7G    0.0274   0.01759         0   0.04499         1       640    0.9381    0.9146    0.9582    0.7106    0.6286   0.02835   0.01233         0
     65/99     19.7G   0.02738   0.01765         0   0.04503         2       640    0.9446    0.9092    0.9591    0.7083    0.6262   0.02836   0.01236         0
     66/99     19.7G   0.02721   0.01743         0   0.04464         2       640    0.9469    0.9043    0.9573    0.7084    0.6241   0.02843    0.0124         0
     67/99     19.7G    0.0271   0.01741         0   0.04451         4       640    0.9496    0.9014    0.9586    0.7081    0.6243   0.02846   0.01243         0
     68/99     19.7G   0.02705   0.01731         0   0.04435         6       640    0.9409    0.9099    0.9588    0.7114    0.6244   0.02843   0.01243         0
     69/99     19.7G   0.02702   0.01732         0   0.04435         2       640    0.9372    0.9132    0.9592     0.709    0.6239   0.02838   0.01243         0
     70/99     19.7G   0.02688   0.01719         0   0.04407         2       640    0.9417    0.9085    0.9593    0.7112    0.6257   0.02831   0.01241         0
     71/99     19.7G   0.02689   0.01723         0   0.04412         2       640    0.9368    0.9158      0.96    0.7142    0.6268   0.02823   0.01235         0
     72/99     19.7G   0.02663   0.01721         0   0.04384         2       640    0.9418    0.9083    0.9594     0.712    0.6255   0.02829   0.01238         0
     73/99     19.7G   0.02655   0.01705         0    0.0436         6       640    0.9422    0.9088    0.9592    0.7151    0.6261   0.02822   0.01238         0
     74/99     19.7G   0.02642   0.01718         0    0.0436         1       640     0.948    0.9042    0.9589    0.7152     0.627    0.0282   0.01239         0
     75/99     19.7G   0.02652   0.01693         0   0.04344         2       640    0.9432    0.9111    0.9598    0.7145    0.6261   0.02818   0.01239         0
     76/99     19.7G   0.02638   0.01702         0    0.0434         2       640    0.9463    0.9092    0.9592    0.7152    0.6249   0.02819   0.01241         0
     77/99     19.7G   0.02626   0.01693         0   0.04319         3       640    0.9445    0.9101    0.9586    0.7176    0.6261   0.02817    0.0124         0
     78/99     19.7G   0.02628   0.01691         0   0.04318         2       640    0.9489    0.9034    0.9576    0.7175    0.6252   0.02819   0.01245         0
     79/99     19.7G   0.02624   0.01699         0   0.04322         2       640    0.9484    0.9035    0.9574    0.7179    0.6262   0.02816   0.01245         0
     80/99     19.7G   0.02602   0.01682         0   0.04284         2       640    0.9477    0.9052    0.9572    0.7149    0.6255   0.02817   0.01247         0
     81/99     19.7G   0.02607   0.01681         0   0.04288         1       640    0.9475    0.9042    0.9568    0.7148    0.6252   0.02819    0.0125         0
     82/99     19.7G   0.02586   0.01673         0   0.04259         9       640    0.9416    0.9101    0.9571    0.7153    0.6255   0.02814   0.01251         0
     83/99     19.7G   0.02582   0.01654         0   0.04236         3       640    0.9411    0.9104    0.9572    0.7171    0.6275   0.02812   0.01251         0
     84/99     19.7G   0.02576   0.01673         0   0.04249         7       640    0.9446    0.9071    0.9571    0.7137    0.6275   0.02812   0.01251         0
     85/99     19.7G   0.02567   0.01665         0   0.04233         5       640    0.9445     0.908    0.9571    0.7155     0.628   0.02811   0.01253         0
     86/99     19.7G   0.02575   0.01655         0    0.0423         7       640    0.9413    0.9105    0.9567    0.7114    0.6271   0.02815   0.01255         0
     87/99     19.7G   0.02566   0.01663         0   0.04229         7       640    0.9462    0.9064    0.9573    0.7108    0.6269   0.02816   0.01256         0
     88/99     19.7G   0.02556   0.01654         0   0.04211         8       640    0.9446    0.9078    0.9569    0.7113    0.6262    0.0282   0.01257         0
     89/99     19.7G   0.02554   0.01661         0   0.04215         2       640    0.9471    0.9052    0.9572    0.7094    0.6261   0.02821   0.01257         0
     90/99     19.7G   0.02526   0.01639         0   0.04165         3       640     0.945    0.9071    0.9564    0.7104    0.6265   0.02822   0.01259         0
     91/99     19.7G   0.02538   0.01634         0   0.04173         3       640    0.9451    0.9068    0.9565    0.7091    0.6266   0.02822    0.0126         0
     92/99     19.7G   0.02533   0.01635         0   0.04168         5       640    0.9454    0.9073    0.9564    0.7105    0.6262   0.02824   0.01262         0
     93/99     19.7G   0.02521   0.01654         0   0.04175         6       640    0.9462    0.9064    0.9562    0.7134    0.6263   0.02825   0.01263         0
     94/99     19.7G   0.02523   0.01635         0   0.04158         5       640    0.9446    0.9085    0.9557    0.7107    0.6255   0.02828   0.01265         0
     95/99     19.7G   0.02518    0.0165         0   0.04168         6       640     0.946    0.9073    0.9557    0.7085    0.6255   0.02828   0.01265         0
     96/99     19.7G   0.02492   0.01625         0   0.04117         4       640    0.9444    0.9087    0.9555    0.7072    0.6242    0.0283   0.01266         0
     97/99     19.7G   0.02496   0.01625         0   0.04122         4       640    0.9421    0.9104    0.9553     0.706    0.6239   0.02831   0.01268         0
     98/99     19.7G    0.0249   0.01635         0   0.04126         9       640    0.9417    0.9103    0.9553    0.7054    0.6235   0.02833   0.01269         0
     99/99     19.7G   0.02497   0.01621         0   0.04119         5       640    0.9417    0.9088    0.9551    0.7048    0.6231   0.02832    0.0127         0
