      0/99     16.7G    0.0775   0.04226         0    0.1198        87       640     0.556     0.518     0.529   0.08603    0.1852   0.05595   0.02572         0
      1/99     20.8G   0.05707   0.03069         0   0.08776       106       640    0.8263    0.5972    0.7113    0.1166    0.2619   0.04985   0.02171         0
      2/99     20.8G   0.04918   0.02672         0    0.0759       111       640    0.8446    0.6954    0.7878    0.3238    0.3708   0.04263   0.01837         0
      3/99     20.8G   0.04311   0.02452         0   0.06763        98       640    0.6823    0.5647     0.628    0.1885    0.2583   0.04744   0.02107         0
      4/99     20.8G   0.03991   0.02317         0   0.06309       106       640    0.7748    0.6505    0.7182    0.3233    0.3624   0.04777   0.01843         0
      5/99     20.8G   0.03826   0.02267         0   0.06093        85       640    0.8268    0.6903    0.7763    0.3414     0.384   0.04364    0.0181         0
      6/99     20.8G   0.03684   0.02182         0   0.05866       116       640    0.9157    0.8188     0.901     0.562     0.529   0.03417    0.0151         0
      7/99     20.8G   0.03606   0.02162         0   0.05768       114       640    0.9389    0.8616    0.9358    0.6476    0.5806   0.03123   0.01389         0
      8/99     20.8G   0.03537    0.0211         0   0.05647        98       640    0.9178    0.8666      0.93    0.6249     0.573   0.03093   0.01448         0
      9/99     20.8G    0.0347   0.02092         0   0.05563       121       640    0.7025    0.4105    0.4422    0.1868    0.2112   0.06759   0.01962         0
     10/99     20.8G   0.03431   0.02084         0   0.05515       129       640    0.9544    0.8739     0.944     0.673    0.5961   0.02965   0.01353         0
     11/99     20.8G   0.03376   0.02047         0   0.05424       110       640    0.9334    0.8625    0.9347    0.6112    0.5722   0.03212   0.01356         0
     12/99     20.8G    0.0335   0.02052         0   0.05402        98       640    0.9212    0.8285     0.908    0.5932    0.5529   0.03279   0.01473         0
     13/99     20.8G   0.03309   0.02019         0   0.05328        93       640    0.9429    0.8681    0.9404    0.6492    0.5844   0.03042   0.01363         0
     14/99     20.8G   0.03276   0.01998         0   0.05274        95       640    0.9502    0.8782     0.948    0.6631    0.5979   0.03033   0.01313         0
     15/99     20.8G   0.03252   0.02014         0   0.05265        80       640    0.9561    0.8974    0.9557    0.7008    0.6183   0.02901   0.01257         0
     16/99     20.8G   0.03224   0.01984         0   0.05208       108       640    0.9383    0.8598    0.9338    0.6354    0.5837   0.03121   0.01367         0
     17/99     20.8G   0.03203   0.01978         0   0.05181       126       640    0.8935    0.8017    0.8782    0.5334    0.5164   0.03641    0.0148         0
     18/99     20.8G   0.03186    0.0196         0   0.05146       120       640     0.941    0.8976    0.9564    0.6913     0.615   0.02927   0.01247         0
     19/99     20.8G   0.03157   0.01944         0   0.05101        95       640    0.9258    0.8631    0.9252    0.6012    0.5605   0.03343   0.01365         0
     20/99     20.8G   0.03125   0.01944         0   0.05069       121       640    0.9285    0.8859    0.9453    0.6715    0.6041      0.03   0.01293         0
     21/99     20.8G   0.03109   0.01903         0   0.05012        91       640    0.9325    0.8623    0.9297    0.6337    0.5806   0.03146   0.01348         0
     22/99     20.8G   0.03085   0.01917         0   0.05002       104       640    0.9381    0.9067     0.956     0.667    0.6025   0.03006   0.01267         0
     23/99     20.8G   0.03064    0.0191         0   0.04975       124       640    0.9346    0.8757    0.9417    0.6338    0.5836    0.0313   0.01286         0
     24/99     20.8G   0.03054   0.01916         0    0.0497       105       640    0.9236    0.8882    0.9443    0.6633    0.5969   0.03018    0.0128         0
     25/99     20.8G   0.03046   0.01913         0   0.04959       102       640    0.9491    0.9151    0.9643    0.6927    0.6166   0.02854   0.01208         0
     26/99     20.8G   0.03023   0.01887         0    0.0491        87       640    0.9435    0.8991    0.9599    0.6812    0.6087   0.02892   0.01243         0
     27/99     20.8G   0.03009   0.01888         0   0.04897       141       640    0.9402     0.889    0.9513    0.6732    0.6039   0.02923   0.01269         0
     28/99     20.8G   0.02996   0.01876         0   0.04873       105       640    0.9339    0.9044     0.955     0.673    0.6016   0.02938   0.01249         0
     29/99     20.8G   0.02975   0.01854         0   0.04828       107       640    0.9458    0.9085    0.9596    0.7043    0.6215   0.02844   0.01215         0
     30/99     20.8G   0.02977   0.01869         0   0.04846        92       640    0.9535    0.8904    0.9536    0.6947    0.6151   0.02895   0.01254         0
     31/99     20.8G   0.02953   0.01854         0   0.04808       106       640    0.9455     0.901     0.956    0.6846    0.6149   0.02846   0.01252         0
     32/99     20.8G   0.02938   0.01842         0    0.0478       112       640    0.9452    0.8943    0.9572    0.7053    0.6223    0.0284    0.0124         0
     33/99     20.8G   0.02925   0.01841         0   0.04766        92       640    0.9518    0.9138    0.9645    0.6937     0.623   0.02826   0.01206         0
     34/99     20.8G   0.02918   0.01827         0   0.04745       109       640    0.9475    0.9136    0.9636    0.7024    0.6253   0.02839   0.01217         0
     35/99     20.8G   0.02897   0.01815         0   0.04712       107       640     0.941    0.8952    0.9546    0.6873     0.614   0.02892   0.01259         0
     36/99     20.8G    0.0288   0.01813         0   0.04693       104       640    0.9547    0.8998    0.9601    0.6734    0.6068   0.02896   0.01232         0
     37/99     20.8G   0.02887   0.01793         0    0.0468       121       640    0.9531    0.8981    0.9595    0.7073    0.6252   0.02833   0.01226         0
     38/99     20.8G   0.02876   0.01825         0   0.04701       110       640    0.9441      0.92    0.9649    0.7037    0.6251   0.02818   0.01189         0
     39/99     20.8G   0.02861   0.01805         0   0.04666        86       640    0.9494    0.9121    0.9648    0.7132    0.6357   0.02786   0.01198         0
     40/99     20.8G   0.02842   0.01803         0   0.04646        76       640    0.9464    0.9039    0.9608    0.6902     0.614   0.02854   0.01225         0
     41/99     20.8G   0.02837   0.01789         0   0.04626        92       640    0.9514    0.9126    0.9649    0.7145    0.6312   0.02775   0.01197         0
     42/99     20.8G   0.02823    0.0179         0   0.04613       105       640    0.9479    0.9198    0.9661    0.7084    0.6295   0.02795   0.01196         0
     43/99     20.8G   0.02805   0.01774         0    0.0458       109       640    0.9442    0.9184    0.9651    0.7113    0.6325   0.02787    0.0119         0
     44/99     20.8G   0.02808   0.01782         0    0.0459       102       640    0.9493    0.9138    0.9631    0.7203    0.6366   0.02761   0.01192         0
     45/99     20.8G   0.02797   0.01772         0   0.04569       107       640    0.9406    0.9125    0.9609    0.7235    0.6357   0.02773   0.01198         0
     46/99     20.8G   0.02789   0.01752         0   0.04541       105       640    0.9375    0.9175    0.9613    0.7188    0.6346   0.02794   0.01191         0
     47/99     20.8G   0.02771   0.01768         0   0.04539        86       640    0.9504    0.9153     0.964    0.7007    0.6219   0.02816   0.01198         0
     48/99     20.8G   0.02751   0.01744         0   0.04494       126       640    0.9534    0.9191    0.9671    0.7153    0.6318   0.02753   0.01179         0
     49/99     20.8G   0.02756   0.01758         0   0.04514        90       640    0.9509    0.9139    0.9647    0.7103    0.6281    0.0278   0.01199         0
     50/99     20.8G   0.02739   0.01734         0   0.04473       107       640    0.9479    0.9193    0.9642    0.7181    0.6347   0.02755   0.01191         0
     51/99     20.8G   0.02733   0.01743         0   0.04477       116       640     0.947    0.9163    0.9642    0.7266    0.6382    0.0273   0.01191         0
     52/99     20.8G   0.02718    0.0173         0   0.04448       102       640    0.9511    0.9127    0.9639    0.7301    0.6378   0.02731   0.01191         0
     53/99     20.8G   0.02707   0.01731         0   0.04439       115       640    0.9527    0.9122    0.9655    0.7342    0.6408   0.02706    0.0119         0
     54/99     20.8G   0.02693   0.01717         0    0.0441        77       640    0.9494    0.9177    0.9656    0.7339    0.6414   0.02706    0.0119         0
     55/99     20.8G   0.02701   0.01724         0   0.04424       106       640    0.9539    0.9174    0.9663    0.7335    0.6425   0.02701   0.01183         0
     56/99     20.8G   0.02677   0.01699         0   0.04376       112       640    0.9541     0.915    0.9666    0.7291    0.6409   0.02716   0.01188         0
     57/99     20.8G   0.02673   0.01701         0   0.04374       123       640     0.952    0.9172    0.9649    0.7303      0.64   0.02717   0.01198         0
     58/99     20.8G   0.02665   0.01706         0   0.04372       106       640    0.9455    0.9221    0.9641     0.724    0.6415   0.02713   0.01202         0
     59/99     20.8G   0.02641   0.01696         0   0.04337        93       640    0.9544    0.9159    0.9649    0.7287    0.6433   0.02699   0.01198         0
     60/99     20.8G   0.02633   0.01672         0   0.04305       111       640    0.9512    0.9191    0.9659    0.7356    0.6448   0.02689   0.01193         0
     61/99     20.8G   0.02622   0.01674         0   0.04296        85       640      0.95    0.9201    0.9665    0.7323    0.6431     0.027   0.01196         0
     62/99     20.8G   0.02612    0.0167         0   0.04281       118       640    0.9496    0.9217    0.9659    0.7333    0.6424   0.02701   0.01201         0
     63/99     20.8G   0.02603    0.0167         0   0.04273       105       640    0.9571    0.9143    0.9661    0.7288    0.6406   0.02709   0.01206         0
     64/99     20.8G   0.02601   0.01674         0   0.04275       115       640    0.9506    0.9179    0.9644    0.7287    0.6398   0.02716   0.01216         0
     65/99     20.8G   0.02573   0.01657         0    0.0423       107       640    0.9523    0.9164    0.9644    0.7262    0.6381   0.02721    0.0122         0
     66/99     20.8G   0.02558   0.01652         0   0.04211        84       640    0.9496    0.9168    0.9634    0.7307     0.639   0.02728   0.01221         0
     67/99     20.8G   0.02557   0.01651         0   0.04208        98       640    0.9524    0.9125    0.9635    0.7268    0.6377   0.02736   0.01223         0
     68/99     20.8G    0.0256   0.01633         0   0.04193       121       640    0.9517     0.912    0.9622    0.7286    0.6381    0.0274   0.01228         0
     69/99     20.8G   0.02538   0.01622         0    0.0416       114       640    0.9511    0.9127    0.9623    0.7297    0.6388   0.02737   0.01228         0
     70/99     20.8G   0.02537   0.01627         0   0.04163       124       640    0.9521    0.9122    0.9623    0.7317    0.6394   0.02734   0.01228         0
     71/99     20.8G   0.02531    0.0163         0   0.04161        98       640     0.951    0.9147    0.9625    0.7302    0.6376   0.02746   0.01233         0
     72/99     20.8G   0.02515   0.01617         0   0.04132       106       640    0.9465    0.9178    0.9624    0.7254    0.6367   0.02749   0.01234         0
     73/99     20.8G   0.02508   0.01621         0   0.04128       112       640    0.9506    0.9124    0.9616    0.7269    0.6381   0.02746   0.01233         0
     74/99     20.8G   0.02497   0.01613         0   0.04111        96       640    0.9504     0.911    0.9612     0.729    0.6392   0.02742   0.01235         0
     75/99     20.8G   0.02487   0.01622         0   0.04109       123       640    0.9517    0.9098    0.9618    0.7279    0.6384   0.02742   0.01238         0
     76/99     20.8G   0.02473   0.01603         0   0.04077        84       640    0.9493    0.9116     0.961    0.7292    0.6385   0.02742    0.0124         0
     77/99     20.8G   0.02466   0.01591         0   0.04058        95       640    0.9504    0.9092    0.9618    0.7255    0.6368   0.02746   0.01243         0
     78/99     20.8G    0.0245    0.0159         0   0.04039       103       640    0.9546    0.9059    0.9619    0.7267    0.6356   0.02747   0.01244         0
     79/99     20.8G   0.02457   0.01589         0   0.04046       101       640    0.9489    0.9117     0.962    0.7262    0.6361   0.02745   0.01245         0
     80/99     20.8G   0.02435   0.01583         0   0.04018       101       640    0.9503     0.911    0.9618     0.727    0.6361   0.02744   0.01247         0
     81/99     20.8G   0.02426   0.01571         0   0.03996       103       640    0.9506    0.9119     0.962    0.7266    0.6362   0.02744   0.01247         0
     82/99     20.8G   0.02425   0.01597         0   0.04022       112       640    0.9461    0.9158    0.9617    0.7278    0.6359   0.02744   0.01249         0
     83/99     20.8G   0.02419   0.01565         0   0.03984       109       640    0.9456    0.9163    0.9622    0.7292     0.636   0.02744    0.0125         0
     84/99     20.8G   0.02406   0.01564         0    0.0397       132       640    0.9468    0.9149    0.9627     0.729    0.6356   0.02744   0.01252         0
     85/99     20.8G   0.02396   0.01543         0    0.0394       107       640    0.9479    0.9135    0.9623    0.7295    0.6359   0.02745   0.01253         0
     86/99     20.8G   0.02387   0.01548         0   0.03935       116       640    0.9475    0.9138     0.962    0.7281    0.6354   0.02746   0.01253         0
     87/99     20.8G   0.02364   0.01556         0    0.0392       113       640     0.947    0.9145    0.9617     0.728    0.6351   0.02746   0.01253         0
     88/99     20.8G   0.02381   0.01549         0    0.0393       100       640    0.9449    0.9161    0.9618    0.7268     0.635   0.02749   0.01254         0
     89/99     20.8G   0.02345   0.01549         0   0.03894       117       640    0.9459     0.915    0.9622    0.7266    0.6351   0.02749   0.01255         0
     90/99     20.8G   0.02367   0.01542         0    0.0391        97       640    0.9481    0.9134     0.962    0.7264    0.6347   0.02751   0.01256         0
     91/99     20.8G   0.02346   0.01549         0   0.03895        91       640     0.951      0.91    0.9616     0.725    0.6348   0.02753   0.01257         0
     92/99     20.8G   0.02346   0.01539         0   0.03885       104       640     0.945    0.9148    0.9614    0.7252    0.6347   0.02755   0.01258         0
     93/99     20.8G   0.02326    0.0152         0   0.03846        84       640    0.9444    0.9151    0.9616     0.723    0.6339   0.02758    0.0126         0
     94/99     20.8G   0.02308   0.01526         0   0.03834        95       640    0.9449    0.9153    0.9615     0.724    0.6341    0.0276    0.0126         0
     95/99     20.8G   0.02319   0.01523         0   0.03842        88       640    0.9464     0.913    0.9611    0.7222    0.6336   0.02761   0.01261         0
     96/99     20.8G   0.02304   0.01509         0   0.03814       110       640    0.9495    0.9102     0.961    0.7217    0.6334   0.02763   0.01263         0
     97/99     20.8G   0.02307   0.01513         0    0.0382       106       640    0.9436    0.9153     0.961    0.7221    0.6334   0.02764   0.01264         0
     98/99     20.8G   0.02305   0.01505         0    0.0381        94       640    0.9443    0.9153     0.961    0.7219    0.6334   0.02765   0.01265         0
     99/99     20.8G   0.02304   0.01525         0   0.03829       104       640    0.9449    0.9153    0.9612    0.7227    0.6336   0.02765   0.01266         0
