      0/99     18.5G   0.07678   0.04255         0    0.1193        42       640    0.5251    0.5453    0.5101   0.04927    0.1606    0.0561   0.02611         0
      1/99     23.5G   0.05554   0.03025         0   0.08579        32       640    0.6779     0.512    0.5772     0.207    0.2588   0.05646   0.02337         0
      2/99     23.5G   0.04886   0.02706         0   0.07592        38       640     0.783     0.679    0.7562    0.2266    0.3183   0.04745   0.01762         0
      3/99     23.5G   0.04352   0.02482         0   0.06834        61       640    0.9055    0.8246    0.9001    0.4959    0.4934   0.03606   0.01571         0
      4/99     23.5G   0.04008   0.02345         0   0.06352        39       640    0.9179    0.8366    0.9154    0.5583    0.5305   0.03482   0.01492         0
      5/99     23.5G   0.03816   0.02244         0    0.0606        40       640     0.814    0.6947    0.7727    0.3868    0.4008   0.04343   0.01832         0
      6/99     23.5G    0.0372   0.02219         0   0.05939        38       640    0.8698    0.7583    0.8502    0.4706    0.4677   0.03878   0.01577         0
      7/99     23.5G   0.03636   0.02179         0   0.05815        38       640    0.9492    0.8507    0.9268    0.6243    0.5667   0.03148   0.01439         0
      8/99     23.5G   0.03582   0.02142         0   0.05724        49       640    0.8249    0.6989    0.7775    0.3882     0.408    0.0432   0.01686         0
      9/99     23.5G   0.03494   0.02112         0   0.05605        22       640    0.9471    0.8778    0.9439    0.6617    0.5924   0.03049   0.01333         0
     10/99     23.5G   0.03459   0.02093         0   0.05552        30       640    0.9316    0.8708     0.937    0.6116    0.5685   0.03246   0.01359         0
     11/99     23.5G   0.03392   0.02083         0   0.05475        35       640    0.9446    0.8798    0.9466    0.6696    0.5981    0.0301    0.0134         0
     12/99     23.5G   0.03352   0.02055         0   0.05407        40       640    0.9432    0.8908    0.9505    0.6587    0.5949    0.0302   0.01289         0
     13/99     23.5G   0.03342   0.02039         0   0.05381        42       640    0.9522    0.8858    0.9495    0.6788     0.605   0.03003   0.01296         0
     14/99     23.5G   0.03299   0.02013         0   0.05311        39       640    0.9045    0.8377    0.9064    0.5869    0.5492    0.0339   0.01436         0
     15/99     23.5G   0.03267   0.02028         0   0.05295        43       640    0.9443    0.8843    0.9475    0.6384    0.5848   0.03123   0.01309         0
     16/99     23.5G   0.03247   0.01991         0   0.05238        25       640    0.9499    0.8806    0.9494    0.6662    0.6005   0.02961   0.01302         0
     17/99     23.5G   0.03224    0.0198         0   0.05204        29       640    0.9359       0.9    0.9526    0.6681    0.6054   0.02954   0.01266         0
     18/99     23.5G     0.032   0.01975         0   0.05175        36       640    0.9214    0.8872    0.9422    0.6342    0.5785   0.03162   0.01298         0
     19/99     23.5G   0.03177   0.01971         0   0.05148        45       640    0.9405    0.9141    0.9561    0.6771    0.6115   0.02917   0.01243         0
     20/99     23.5G   0.03137   0.01904         0   0.05041        42       640    0.9547    0.9059    0.9619    0.6803    0.6124   0.02901   0.01251         0
     21/99     23.5G   0.03121   0.01925         0   0.05046        52       640    0.9482    0.9058    0.9597    0.6635    0.6032    0.0296   0.01247         0
     22/99     23.5G   0.03113   0.01952         0   0.05065        40       640      0.94    0.9047    0.9579    0.6677    0.6043   0.02965   0.01256         0
     23/99     23.5G   0.03089   0.01925         0   0.05013        29       640    0.9502    0.9046    0.9615    0.6644    0.6088   0.02929   0.01228         0
     24/99     23.5G   0.03083   0.01926         0   0.05009        42       640    0.9348    0.8918    0.9473    0.6604    0.5979   0.03021   0.01312         0
     25/99     23.5G   0.03058   0.01909         0   0.04967        53       640    0.9523    0.9083    0.9627    0.6771    0.6113   0.02888   0.01232         0
     26/99     23.5G   0.03051   0.01894         0   0.04945        36       640    0.9464    0.9062    0.9609    0.6791    0.6134    0.0289   0.01247         0
     27/99     23.5G   0.03038   0.01917         0   0.04955        41       640    0.9624    0.9044    0.9667    0.6929    0.6239   0.02814   0.01212         0
     28/99     23.5G   0.03035    0.0191         0   0.04945        39       640    0.9552    0.9054    0.9619    0.6869    0.6144    0.0292   0.01226         0
     29/99     23.5G   0.03015   0.01889         0   0.04904        47       640    0.9568    0.9066    0.9654    0.7043    0.6264   0.02823     0.012         0
     30/99     23.5G   0.03002   0.01887         0   0.04888        35       640     0.946    0.9051    0.9594    0.6983    0.6237   0.02869   0.01213         0
     31/99     23.5G   0.02985   0.01861         0   0.04846        35       640    0.9553    0.9109    0.9613    0.6918    0.6205   0.02883   0.01216         0
     32/99     23.5G   0.02977   0.01858         0   0.04835        34       640    0.9492    0.9187     0.966    0.6984    0.6233   0.02823   0.01206         0
     33/99     23.5G    0.0296   0.01843         0   0.04803        26       640     0.946      0.91    0.9622    0.6867    0.6169     0.029   0.01203         0
     34/99     23.5G   0.02943   0.01867         0    0.0481        36       640    0.9523    0.9064    0.9618    0.6872    0.6166   0.02846   0.01214         0
     35/99     23.5G   0.02924   0.01848         0   0.04772        33       640    0.9548    0.9193    0.9649    0.6973    0.6233   0.02827   0.01201         0
     36/99     23.5G   0.02932   0.01861         0   0.04793        30       640    0.9518    0.9139    0.9663    0.7041    0.6246    0.0278   0.01191         0
     37/99     23.5G   0.02921   0.01821         0   0.04741        30       640    0.9499    0.9151    0.9631    0.7156    0.6333   0.02792   0.01195         0
     38/99     23.5G   0.02893   0.01825         0   0.04717        29       640    0.9483    0.9179    0.9629     0.712    0.6318   0.02784   0.01196         0
     39/99     23.5G   0.02889   0.01799         0   0.04687        29       640     0.957    0.9151    0.9657    0.7144    0.6335   0.02788   0.01186         0
     40/99     23.5G    0.0288   0.01814         0   0.04694        48       640    0.9526     0.918    0.9648    0.7068    0.6279   0.02777    0.0118         0
     41/99     23.5G   0.02863   0.01825         0   0.04688        28       640    0.9477    0.9209    0.9655    0.7004    0.6261   0.02808   0.01186         0
     42/99     23.5G   0.02861   0.01813         0   0.04674        27       640     0.952    0.9157    0.9664    0.7109    0.6331   0.02786   0.01177         0
     43/99     23.5G   0.02843   0.01807         0    0.0465        29       640    0.9535    0.9177     0.967    0.7168     0.635   0.02762   0.01182         0
     44/99     23.5G   0.02831   0.01805         0   0.04637        41       640    0.9489    0.9179    0.9667     0.722    0.6386   0.02766   0.01182         0
     45/99     23.5G   0.02819   0.01803         0   0.04621        34       640    0.9566    0.9104    0.9674    0.7159    0.6328   0.02757   0.01174         0
     46/99     23.5G   0.02817   0.01799         0   0.04616        39       640    0.9524    0.9188    0.9685    0.7223    0.6384   0.02736   0.01166         0
     47/99     23.5G   0.02809   0.01808         0   0.04617        48       640    0.9543    0.9101    0.9651    0.7113    0.6308   0.02768   0.01185         0
     48/99     23.5G   0.02778   0.01776         0   0.04554        28       640    0.9487    0.9198    0.9647    0.7136     0.635   0.02759   0.01181         0
     49/99     23.5G   0.02792   0.01785         0   0.04577        60       640    0.9589    0.9156    0.9666    0.7158    0.6348   0.02729    0.0118         0
     50/99     23.5G   0.02788   0.01778         0   0.04565        45       640    0.9536    0.9179     0.966    0.7221     0.635    0.0275   0.01184         0
     51/99     23.5G   0.02764   0.01747         0   0.04511        31       640    0.9605      0.91    0.9652    0.7107     0.626   0.02773   0.01193         0
     52/99     23.5G   0.02752    0.0175         0   0.04502        62       640    0.9546    0.9165     0.966    0.7053    0.6224   0.02769   0.01195         0
     53/99     23.5G    0.0275   0.01772         0   0.04522        38       640    0.9492    0.9194    0.9642    0.7102     0.627   0.02774   0.01196         0
     54/99     23.5G   0.02748   0.01755         0   0.04504        52       640    0.9495    0.9195     0.965    0.7057    0.6253    0.0278   0.01201         0
     55/99     23.5G   0.02731   0.01743         0   0.04474        46       640    0.9542    0.9166    0.9652    0.7043    0.6235    0.0279   0.01195         0
     56/99     23.5G   0.02718   0.01727         0   0.04445        55       640    0.9472    0.9223    0.9649    0.7127    0.6314   0.02771    0.0119         0
     57/99     23.5G   0.02706    0.0173         0   0.04436        33       640    0.9473    0.9182    0.9642    0.7092    0.6317   0.02771   0.01194         0
     58/99     23.5G   0.02699   0.01728         0   0.04427        37       640    0.9485    0.9181    0.9651    0.7074    0.6271   0.02776   0.01199         0
     59/99     23.5G   0.02695   0.01716         0   0.04411        28       640    0.9545    0.9093    0.9637    0.7074    0.6243   0.02787   0.01205         0
     60/99     23.5G   0.02688    0.0173         0   0.04418        41       640    0.9497    0.9171     0.965    0.7043    0.6237   0.02793   0.01204         0
     61/99     23.5G   0.02669   0.01708         0   0.04378        34       640    0.9549    0.9148     0.965    0.7096    0.6281   0.02782   0.01197         0
     62/99     23.5G   0.02659   0.01719         0   0.04378        42       640    0.9541    0.9148    0.9643    0.7131    0.6308   0.02774   0.01194         0
     63/99     23.5G   0.02652    0.0169         0   0.04342        44       640    0.9492    0.9166    0.9637    0.7127    0.6292   0.02778   0.01197         0
     64/99     23.5G   0.02628   0.01675         0   0.04303        41       640    0.9466    0.9207    0.9647    0.7165    0.6308   0.02769   0.01194         0
     65/99     23.5G   0.02625   0.01694         0   0.04319        37       640    0.9459    0.9207    0.9645    0.7127    0.6291   0.02773   0.01197         0
     66/99     23.5G   0.02627   0.01692         0   0.04319        28       640    0.9502     0.917    0.9659    0.7138    0.6311   0.02765   0.01198         0
     67/99     23.5G   0.02625   0.01687         0   0.04312        39       640    0.9494    0.9174    0.9654    0.7167    0.6318   0.02765   0.01199         0
     68/99     23.5G    0.0261   0.01673         0   0.04283        34       640    0.9508     0.916    0.9646    0.7193    0.6326   0.02766   0.01201         0
     69/99     23.5G   0.02603   0.01693         0   0.04297        34       640     0.951    0.9149    0.9632    0.7172    0.6319   0.02769   0.01204         0
     70/99     23.5G   0.02572   0.01681         0   0.04253        37       640      0.95    0.9159    0.9626    0.7162    0.6309   0.02771   0.01207         0
     71/99     23.5G   0.02584   0.01656         0    0.0424        44       640    0.9508    0.9145     0.963     0.715    0.6301   0.02778   0.01211         0
     72/99     23.5G   0.02561   0.01652         0   0.04213        41       640     0.946    0.9178    0.9628    0.7147    0.6299   0.02781   0.01215         0
     73/99     23.5G   0.02548   0.01649         0   0.04198        53       640    0.9463    0.9163    0.9628     0.714    0.6302   0.02781   0.01216         0
     74/99     23.5G   0.02545   0.01657         0   0.04202        39       640    0.9458    0.9167    0.9629    0.7148    0.6304    0.0278   0.01218         0
     75/99     23.5G   0.02544   0.01648         0   0.04192        32       640    0.9538    0.9093    0.9628    0.7156     0.631   0.02778   0.01221         0
     76/99     23.5G   0.02531   0.01642         0   0.04173        44       640    0.9501     0.912    0.9625     0.717    0.6313   0.02776   0.01223         0
     77/99     23.5G   0.02516   0.01625         0   0.04141        39       640    0.9455    0.9162     0.962    0.7164    0.6314   0.02776   0.01225         0
     78/99     23.5G   0.02504   0.01621         0   0.04125        41       640    0.9444    0.9155     0.962    0.7159     0.631   0.02779   0.01228         0
     79/99     23.5G   0.02496   0.01613         0   0.04109        38       640    0.9415     0.918    0.9617    0.7163     0.631   0.02779   0.01229         0
     80/99     23.5G   0.02505   0.01615         0    0.0412        40       640     0.944    0.9168    0.9609     0.716    0.6304   0.02777    0.0123         0
     81/99     23.5G   0.02481   0.01621         0   0.04102        58       640    0.9414    0.9197    0.9611    0.7169    0.6311   0.02775   0.01231         0
     82/99     23.5G   0.02475   0.01609         0   0.04083        47       640    0.9416    0.9187    0.9611    0.7169    0.6313   0.02774   0.01232         0
     83/99     23.5G   0.02447   0.01603         0    0.0405        50       640    0.9415    0.9192    0.9607    0.7166    0.6315   0.02773   0.01232         0
     84/99     23.5G   0.02466   0.01617         0   0.04084        30       640    0.9495    0.9121    0.9607    0.7169    0.6314   0.02773   0.01232         0
     85/99     23.5G   0.02453   0.01592         0   0.04045        49       640    0.9414    0.9197    0.9607    0.7183    0.6318   0.02772   0.01233         0
     86/99     23.5G    0.0245   0.01583         0   0.04033        37       640    0.9479    0.9129    0.9607    0.7183    0.6316   0.02773   0.01234         0
     87/99     23.5G   0.02441   0.01567         0   0.04008        28       640    0.9431    0.9173    0.9602    0.7186    0.6313   0.02774   0.01235         0
     88/99     23.5G   0.02435   0.01591         0   0.04026        48       640    0.9498    0.9114    0.9605     0.717    0.6306   0.02776   0.01236         0
     89/99     23.5G   0.02412   0.01567         0   0.03979        38       640     0.951    0.9109    0.9604    0.7171      0.63   0.02778   0.01237         0
     90/99     23.5G   0.02418   0.01577         0   0.03996        58       640    0.9494    0.9125    0.9604    0.7153    0.6293   0.02779   0.01239         0
     91/99     23.5G   0.02417   0.01564         0   0.03981        34       640    0.9528    0.9087    0.9602    0.7146    0.6292    0.0278    0.0124         0
     92/99     23.5G   0.02404   0.01562         0   0.03966        33       640    0.9515    0.9107    0.9603    0.7151    0.6294   0.02779    0.0124         0
     93/99     23.5G   0.02394   0.01569         0   0.03963        22       640    0.9425    0.9194    0.9598    0.7148    0.6292   0.02779   0.01241         0
     94/99     23.5G   0.02403   0.01573         0   0.03976        55       640    0.9495     0.913    0.9598    0.7157    0.6291   0.02779   0.01242         0
