      0/59       16G    0.1037   0.07607   0.03368    0.2135        84       640  0.004747   0.01035 0.0008797 2.681e-06 0.0001518   0.09681   0.07635   0.03313
      1/59     18.1G   0.09532   0.06627   0.02516    0.1868        68       640   0.05719    0.1621   0.03364 0.0002069  0.006514   0.08908    0.2923   0.02678
      2/59     18.1G   0.07418   0.04949   0.01907    0.1427        56       640    0.5422    0.1322    0.1326   0.01142   0.04361   0.08926    0.3556   0.03972
      3/59     18.1G   0.05596   0.04177   0.01593    0.1137        63       640    0.5438    0.2513    0.2548   0.08801     0.117   0.06215    0.4073   0.02319
      4/59     18.1G   0.04854   0.03794   0.01375    0.1002        34       640    0.7692    0.5219    0.5795    0.3973    0.3536   0.03351   0.03536   0.01614
      5/59     18.1G   0.04375   0.03491   0.01188   0.09054        76       640    0.8373    0.5763    0.6888    0.4852    0.4227   0.03011   0.03261   0.01075
      6/59     18.1G   0.04024   0.03208   0.01044   0.08276        36       640    0.8729    0.5677    0.6711    0.5043    0.4285   0.03117   0.03072   0.01227
      7/59     18.1G   0.03843   0.03066  0.009673   0.07876        59       640    0.8825    0.5698    0.7369    0.5761    0.5023    0.0278   0.03055   0.01079
      8/59     18.1G   0.03679   0.02963  0.009011   0.07543        88       640    0.8623    0.5778    0.7433    0.5861    0.4994    0.0268     0.026   0.01254
      9/59     18.1G   0.03508   0.02843  0.008482   0.07199        61       640    0.9064    0.5865    0.7194    0.6034     0.512   0.02573   0.02693  0.009422
     10/59     18.1G   0.03371   0.02814  0.007951    0.0698       161       640    0.8827    0.5779    0.6717    0.6044    0.4981   0.02568   0.02577    0.0106
     11/59     18.1G   0.03306   0.02741  0.007534     0.068        74       640    0.8453    0.6171     0.704    0.6312    0.5322   0.02392   0.02443  0.009635
     12/59     18.1G   0.03211   0.02633  0.007215   0.06565        53       640    0.8951    0.6131    0.7575    0.7185    0.5892       nan       nan       nan
     13/59     18.1G    0.0312   0.02586  0.007124   0.06418        73       640    0.8258      0.55    0.7111     0.578    0.5079   0.02711   0.03339   0.01443
     14/59     18.1G   0.03075   0.02545  0.006485   0.06269       109       640    0.8942    0.6193    0.7351    0.6777    0.5789   0.02188   0.02212  0.009359
     15/59     18.1G    0.0292    0.0245  0.006306      0.06        67       640    0.9133    0.6435    0.7218    0.6946    0.5896   0.02027   0.02072  0.006545
     16/59     18.1G   0.02973   0.02506  0.006282   0.06107        79       640    0.9263    0.6322    0.7296    0.7009    0.5983   0.01964   0.01949  0.006679
     17/59     18.1G   0.02874   0.02424   0.00599   0.05897        84       640    0.8842    0.6276    0.6775    0.6489    0.5365       nan       nan       nan
     18/59     18.1G   0.02835   0.02383  0.005708   0.05789        76       640    0.8678    0.6179    0.7099     0.681    0.5788       nan       nan       nan
     19/59     18.1G   0.02784   0.02338    0.0055   0.05672        57       640    0.8808    0.6303    0.6919    0.6753    0.5807       nan       nan       nan
     20/59     18.1G   0.02748    0.0232  0.005633   0.05631        73       640      0.93    0.6579    0.7245    0.7101    0.6029       nan       nan       nan
     21/59     18.1G   0.02669   0.02264  0.005286   0.05461        87       640    0.9135    0.6222     0.674    0.6504    0.5595       nan       nan       nan
     22/59     18.1G   0.02661   0.02239  0.005347   0.05435        50       640    0.8227    0.5866    0.6552    0.6348    0.5458       nan       nan       nan
     23/59     18.1G   0.02592   0.02196  0.005063   0.05294        94       640    0.9059    0.6572     0.705    0.6909    0.5991       nan       nan       nan
     24/59     18.1G   0.02547   0.02189  0.004892   0.05225        61       640    0.9251    0.6311    0.7175    0.7036    0.6129       nan       nan       nan
     25/59     18.1G   0.02512   0.02127  0.004868   0.05126        78       640    0.9189    0.6642    0.7216    0.7094    0.6231   0.01731    0.0192  0.005512
     26/59     18.1G   0.02504   0.02166  0.004664   0.05137        73       640    0.9339    0.6594    0.7242    0.7121    0.6196   0.01752    0.0173  0.005218
     27/59     18.1G   0.02435   0.02114  0.004653   0.05015       101       640    0.9293    0.6779    0.7192    0.7082    0.6257   0.01688   0.01688  0.005163
     28/59     18.1G   0.02443   0.02084  0.004605   0.04988        75       640    0.8887    0.6039    0.6987    0.6859    0.5987   0.01716   0.01714   0.01097
     29/59     18.1G   0.02416   0.02074  0.004717   0.04962       118       640    0.9339    0.6628    0.6977    0.6823    0.5956   0.01822   0.01882  0.005594
     30/59     18.1G   0.02376    0.0205  0.004448   0.04871        70       640    0.9301    0.6586    0.7134     0.702    0.6161       nan       nan       nan
     31/59     18.1G   0.02335   0.02043  0.004341   0.04812        56       640    0.9098    0.6786    0.7213    0.7108    0.6277   0.01652   0.01631  0.005811
     32/59     18.1G   0.02324   0.02033    0.0043   0.04787        75       640    0.9382    0.6441    0.6981    0.6884    0.6091       nan       nan       nan
     33/59     18.1G   0.02237   0.01972  0.004189   0.04627        58       640    0.9013    0.6687    0.7095    0.6992     0.626   0.01585   0.01575  0.006074
     34/59     18.1G    0.0225    0.0197  0.004143   0.04634        89       640    0.9342    0.6681    0.7209    0.7133    0.6326   0.01616   0.01583  0.005007
     35/59     18.1G   0.02239   0.01985  0.004201   0.04644        71       640    0.9219    0.6638    0.7227    0.7156    0.6411   0.01566   0.01533  0.005813
     36/59     18.1G   0.02196   0.01924  0.004042   0.04524        35       640    0.9134    0.6515    0.6944    0.6844    0.6038       nan       nan       nan
     37/59     18.1G   0.02183   0.01891  0.004049   0.04479        80       640    0.9275    0.5923    0.6461    0.6388    0.5765       nan       nan       nan
     38/59     18.1G   0.02126   0.01862  0.003863   0.04374        87       640    0.9382    0.6746    0.7302    0.7238    0.6527       nan       nan       nan
     39/59     18.1G   0.02133   0.01907  0.003827   0.04423        89       640    0.9433    0.6634    0.7228    0.7149    0.6369   0.01572   0.01525  0.004698
     40/59     18.1G   0.02092   0.01822  0.003695   0.04284        67       640    0.9457    0.5425    0.6102    0.6041    0.5463       nan       nan       nan
     41/59     18.1G   0.02053   0.01826  0.003777   0.04257        90       640    0.9248    0.3745    0.4225    0.4191    0.3784       nan       nan       nan
     42/59     18.1G   0.02093   0.01878  0.003799    0.0435        44       640    0.9304    0.4221    0.4942     0.488    0.4348       nan       nan       nan
     43/59     18.1G   0.02055   0.01809    0.0038   0.04244        63       640    0.9336    0.6829    0.7514    0.7444    0.6636       nan       nan       nan
     44/59     18.1G   0.02034   0.01807  0.003801   0.04222        76       640    0.8399    0.6052    0.6869    0.6753    0.6013   0.01623   0.01798   0.01169
     45/59     18.1G    0.0208   0.01829  0.003831   0.04293        96       640    0.9242    0.5388    0.5766    0.5697    0.5167       nan       nan       nan
     46/59     18.1G   0.02031   0.01788  0.003525   0.04172        61       640    0.9462    0.6268    0.7022     0.697    0.6309       nan       nan       nan
     47/59     18.1G   0.01995   0.01778  0.003445   0.04117        65       640    0.9247    0.6736    0.7241    0.7177    0.6511       nan       nan       nan
     48/59     18.1G   0.01972   0.01732  0.003562    0.0406        79       640    0.9339    0.6751     0.744    0.7358    0.6698       nan       nan       nan
     49/59     18.1G   0.01971   0.01749   0.00343   0.04063        57       640     0.939    0.6153    0.6897    0.6852    0.6189       nan       nan       nan
     50/59     18.1G   0.01988   0.01761  0.003331   0.04082        79       640    0.9372    0.6613    0.7446    0.7384    0.6694       nan       nan       nan
     51/59     18.1G   0.01966   0.01755  0.003225   0.04044        31       640    0.9419     0.662    0.7568    0.7514    0.6805       nan       nan       nan
     52/59     18.1G   0.01964   0.01723  0.003211   0.04008        63       640     0.937    0.6697    0.7633    0.7569    0.6875       nan       nan       nan
     53/59     18.1G   0.01952   0.01717  0.003181   0.03986        68       640    0.9313    0.6873    0.7577    0.7502    0.6857       nan       nan       nan
     54/59     18.1G   0.01971   0.01763  0.003199   0.04054        98       640    0.9499    0.6507    0.7531    0.7463    0.6816       nan       nan       nan
     55/59     18.1G    0.0194   0.01712  0.003182    0.0397        89       640    0.9328    0.6657    0.7404    0.7327    0.6725       nan       nan       nan
     56/59     18.1G   0.01931   0.01717   0.00312   0.03959        68       640    0.9451     0.586     0.659    0.6527    0.5949       nan       nan       nan
     57/59     18.1G   0.01908   0.01672  0.003181   0.03898       113       640    0.9014    0.5825    0.6482     0.642    0.5865       nan       nan       nan
     58/59     18.1G   0.01901   0.01694  0.003014   0.03896        59       640    0.9468    0.5693    0.6508    0.6464    0.5929       nan       nan       nan
     59/59     18.1G    0.0192   0.01708  0.003089   0.03937        94       640    0.6523    0.5995    0.5786    0.5738    0.5269       nan       nan       nan
