      0/99     18.3G    0.1034   0.07702   0.03418    0.2146       227       640 0.0008749   0.03225 0.0001801 2.531e-06 3.171e-05   0.09639   0.07798   0.03323
      1/99     20.4G   0.09103   0.06304   0.02492     0.179       227       640    0.3488    0.3019   0.08069  0.002606   0.01969   0.07615    0.1429    0.0253
      2/99     20.4G    0.0738   0.05078   0.01877    0.1433       263       640    0.4423    0.2538    0.1911   0.01741   0.05885    0.0662    0.1176   0.01913
      3/99     20.4G    0.0634    0.0453   0.01626     0.125       236       640    0.5734    0.4841    0.4202    0.1275    0.1826   0.04869   0.05128   0.01648
      4/99     20.4G   0.05361   0.04081   0.01431    0.1087       176       640    0.7596    0.4822    0.5363    0.2614    0.2777   0.03922   0.03793   0.01475
      5/99     20.4G   0.04708   0.03733   0.01214   0.09655       191       640    0.7671    0.5128     0.593     0.351    0.3296   0.03583   0.03732   0.01608
      6/99     20.4G   0.04413   0.03522   0.01076   0.09012       239       640    0.8308    0.5578    0.6356    0.4463    0.3976   0.03208   0.03134   0.01342
      7/99     20.4G   0.04093   0.03379  0.009873    0.0846       154       640    0.7734     0.485    0.5533     0.388    0.3448   0.03553   0.04002   0.01847
      8/99     20.4G   0.04039   0.03265  0.009231   0.08227       195       640    0.8666    0.5778    0.6888    0.5487    0.4644   0.02806   0.02812    0.0114
      9/99     20.4G   0.03756   0.03073  0.008654   0.07695       171       640    0.8165    0.5112    0.6189    0.4957    0.4122   0.02942   0.03238   0.01847
     10/99     20.4G   0.03668   0.03066  0.008185   0.07553       128       640    0.8834    0.6025    0.7296    0.6302     0.523   0.02504   0.02491   0.01028
     11/99     20.4G   0.03582   0.02949  0.008091    0.0734       176       640    0.8613    0.5966    0.7109    0.6227    0.5228    0.0243   0.02472   0.01192
     12/99     20.4G   0.03506   0.02916  0.007356   0.07157       139       640    0.8762    0.5795    0.6438    0.5802    0.4763   0.02628    0.0267  0.009454
     13/99     20.4G   0.03363   0.02841  0.006773   0.06881       157       640    0.8769    0.5926    0.7111    0.6426    0.5383   0.02314   0.02333   0.01218
     14/99     20.4G   0.03323   0.02803  0.006646   0.06791       241       640    0.8898    0.6023       0.7    0.6338    0.5272   0.02304     0.023    0.0105
     15/99     20.4G   0.03237   0.02692  0.006424   0.06571       193       640    0.8621    0.6164    0.7126    0.6475    0.5453   0.02286   0.02249  0.009995
     16/99     20.4G   0.03181   0.02701  0.006362   0.06518       183       640    0.8676    0.5702    0.7061      0.67    0.5527   0.02257   0.02318   0.01262
     17/99     20.4G    0.0314    0.0261  0.005998    0.0635       283       640    0.8992    0.6308    0.7085    0.6649    0.5641   0.02055   0.02038  0.009211
     18/99     20.4G    0.0312   0.02615   0.00604    0.0634       204       640    0.8716    0.5505    0.6666    0.6365    0.5338   0.02083   0.02064   0.01867
     19/99     20.4G   0.03027   0.02556  0.005649   0.06147       201       640    0.8977    0.6318    0.7192    0.6871    0.5743   0.02039   0.02026  0.009001
     20/99     20.4G   0.02983   0.02545  0.005573   0.06085       207       640    0.9049    0.6289    0.7184    0.6969    0.5884    0.0201   0.01981   0.00907
     21/99     20.4G     0.029   0.02462  0.005509   0.05913       173       640    0.9214    0.6359    0.7069    0.6739    0.5762   0.01938   0.01923  0.007663
     22/99     20.4G   0.02886   0.02448  0.005433   0.05877       189       640    0.8844    0.5973    0.7044    0.6739    0.5772   0.01904   0.01942   0.01279
     23/99     20.4G   0.02842   0.02429  0.005458   0.05817       172       640    0.9346    0.6292    0.7252    0.7023    0.6012   0.01888   0.01887  0.007544
     24/99     20.4G   0.02851   0.02421  0.005071   0.05778       211       640    0.8861    0.5935    0.6865    0.6653    0.5681   0.01884     0.019  0.009699
     25/99     20.4G   0.02791   0.02357  0.005053   0.05653       174       640    0.9086    0.6322    0.7015    0.6752    0.5823   0.01873   0.01866  0.009385
     26/99     20.4G   0.02769   0.02348  0.004884   0.05605       208       640    0.8914    0.6367    0.6945    0.6711    0.5843   0.01852   0.01866  0.007303
     27/99     20.4G   0.02719   0.02341  0.004816   0.05542       201       640    0.9079    0.6496    0.7105    0.6961    0.5988    0.0181   0.01827   0.00754
     28/99     20.4G   0.02713     0.023  0.004756   0.05489       180       640    0.9255     0.647    0.7325    0.7186    0.6203   0.01817   0.01782   0.00708
     29/99     20.4G   0.02684   0.02299  0.004647   0.05447       183       640    0.9016    0.6326    0.7005    0.6849    0.5961   0.01769   0.01819  0.008839
     30/99     20.4G   0.02665   0.02265  0.004575   0.05388       229       640    0.9296    0.6507    0.7182     0.706    0.6103   0.01777   0.01764  0.006097
     31/99     20.4G    0.0262   0.02237  0.004639   0.05321       211       640    0.9158    0.6266    0.7039    0.6897    0.5952   0.01758   0.01773   0.00911
     32/99     20.4G   0.02659   0.02286  0.004421   0.05387       174       640    0.9276    0.6495    0.7232    0.7112    0.6159   0.01742   0.01746  0.006397
     33/99     20.4G   0.02546   0.02173  0.004377   0.05157       146       640    0.9218    0.6539    0.7078    0.6941    0.6065   0.01732   0.01736  0.007155
     34/99     20.4G   0.02543   0.02172  0.004352    0.0515       166       640    0.9319    0.6553    0.7229    0.7119    0.6291   0.01673   0.01642  0.006098
     35/99     20.4G   0.02548   0.02167  0.004353   0.05151       253       640    0.9258     0.642    0.7129    0.7001    0.6143   0.01677   0.01676  0.007157
     36/99     20.4G   0.02557    0.0219  0.004211   0.05167       191       640    0.9357    0.6569    0.7168    0.7065    0.6194   0.01677   0.01662  0.006023
     37/99     20.4G   0.02491    0.0213  0.004131   0.05035       199       640    0.9195    0.6438    0.7214    0.7084     0.621   0.01653   0.01666  0.008303
     38/99     20.4G    0.0247   0.02096  0.004073   0.04973       193       640    0.9115    0.6709    0.7183    0.7093    0.6256   0.01648   0.01634  0.005936
     39/99     20.4G   0.02491    0.0214  0.004074   0.05039       174       640    0.9238     0.638    0.7243    0.7143    0.6258   0.01667   0.01642  0.008575
     40/99     20.4G   0.02485   0.02109  0.004004   0.04995       224       640    0.9248    0.6515    0.7245    0.7147    0.6383   0.01598   0.01585  0.007346
     41/99     20.4G   0.02434   0.02086  0.003881   0.04909       255       640    0.9275    0.6607    0.7313    0.7219    0.6343    0.0165   0.01603  0.006427
     42/99     20.4G   0.02429   0.02084  0.003844   0.04898       155       640    0.9307     0.666    0.7362    0.7273    0.6444   0.01628   0.01621  0.005928
     43/99     20.4G   0.02365   0.02037  0.003958   0.04797       187       640     0.943    0.6625    0.7521    0.7372    0.6596    0.0164   0.01594  0.005107
     44/99     20.4G   0.02383   0.02015  0.003908   0.04789       212       640    0.9373     0.663    0.7302    0.7229    0.6394   0.01621   0.01571  0.005795
     45/99     20.4G   0.02369   0.02043  0.003834   0.04796       173       640     0.932    0.6479    0.7366    0.7302    0.6521   0.01578   0.01535  0.005807
     46/99     20.4G   0.02349   0.02027  0.003763   0.04752       192       640    0.9258    0.6508    0.7211    0.7133    0.6344   0.01584   0.01547  0.007547
     47/99     20.4G   0.02319   0.02017  0.003695   0.04706       167       640    0.9412    0.6598    0.7317    0.7238    0.6437    0.0157   0.01535  0.005136
     48/99     20.4G    0.0231   0.02013  0.003621   0.04685       274       640    0.9457    0.6438    0.7265    0.7158    0.6436   0.01518   0.01485  0.006094
     49/99     20.4G   0.02282   0.02021  0.003657   0.04669       216       640    0.9483     0.652    0.7271    0.7193    0.6491   0.01501   0.01478  0.005361
     50/99     20.4G   0.02299   0.01988  0.003612   0.04648       221       640    0.9273    0.6672    0.7269    0.7188    0.6416   0.01561   0.01492  0.006016
     51/99     20.4G   0.02264   0.01947  0.003556   0.04567       184       640    0.9274    0.6585    0.7228    0.7159    0.6436   0.01513   0.01482   0.00617
     52/99     20.4G   0.02285   0.01972  0.003482   0.04605       132       640    0.9311    0.6492    0.7216    0.7164    0.6355   0.01536   0.01503  0.007138
     53/99     20.4G   0.02261   0.01974  0.003439   0.04579       194       640    0.9276    0.6726    0.7391     0.728    0.6515   0.01547   0.01493  0.005918
     54/99     20.4G    0.0222   0.01924  0.003405   0.04485       222       640    0.9295    0.6741     0.737    0.7261    0.6537   0.01511   0.01482  0.005359
     55/99     20.4G   0.02208   0.01926  0.003389   0.04472       159       640    0.9412    0.6626    0.7456    0.7339    0.6626   0.01506   0.01462  0.005312
     56/99     20.4G   0.02213   0.01902  0.003448    0.0446       196       640     0.942    0.6658    0.7566    0.7514      0.67   0.01526   0.01472  0.005901
     57/99     20.4G   0.02186   0.01917  0.003368    0.0444       196       640    0.9271    0.6578    0.7363    0.7324    0.6625   0.01478   0.01439  0.006378
     58/99     20.4G     0.022   0.01925  0.003326   0.04457       176       640     0.937    0.6586    0.7586    0.7545    0.6857    0.0148   0.01428   0.00568
     59/99     20.4G   0.02177   0.01894  0.003182   0.04389       164       640    0.9307    0.6633    0.7351    0.7255     0.655    0.0152   0.01459    0.0056
     60/99     20.4G   0.02181    0.0192  0.003358   0.04437       213       640    0.9449    0.6629    0.7367    0.7322     0.663   0.01456   0.01398  0.005081
     61/99     20.4G   0.02162    0.0188  0.003198   0.04362       212       640    0.9446    0.6613    0.7272    0.7199    0.6472   0.01476   0.01449  0.005304
     62/99     20.4G   0.02132   0.01871  0.003165   0.04319       199       640    0.9421    0.6642    0.7282    0.7213    0.6532   0.01463   0.01407   0.00552
     63/99     20.4G   0.02111   0.01841  0.003084    0.0426       207       640      0.93    0.6772     0.745    0.7361    0.6723   0.01448   0.01391  0.005973
     64/99     20.4G   0.02122   0.01859  0.003147   0.04295       172       640    0.9304    0.6765    0.7658    0.7569    0.6864   0.01454   0.01384  0.005654
     65/99     20.4G   0.02067     0.018   0.00305   0.04172       220       640    0.9367    0.6683    0.7457    0.7347    0.6689   0.01466   0.01415  0.005493
     66/99     20.4G   0.02101   0.01845  0.003072   0.04252       295       640     0.933     0.664    0.7461    0.7413    0.6712   0.01449   0.01405  0.005789
     67/99     20.4G   0.02097   0.01829  0.002943    0.0422       196       640    0.5944    0.8074    0.7485    0.7418    0.6719   0.01447   0.01385  0.005236
     68/99     20.4G   0.02059    0.0179  0.002912   0.04141       140       640    0.9436    0.6657    0.7348    0.7306    0.6633   0.01435   0.01374  0.005086
     69/99     20.4G   0.02051   0.01754  0.002942   0.04099       196       640    0.6758    0.7651    0.7643    0.7557    0.6867   0.01442   0.01384  0.005562
     70/99     20.4G   0.02031   0.01751  0.003001   0.04081       193       640    0.9386    0.6739    0.7491    0.7442    0.6777   0.01421   0.01359  0.005264
     71/99     20.4G   0.02021   0.01758  0.002822   0.04061       249       640    0.6208    0.8046    0.7562    0.7492    0.6815   0.01438   0.01374  0.005229
     72/99     20.4G   0.02038   0.01768   0.00297   0.04103       150       640    0.6295    0.7847    0.7516    0.7449    0.6781   0.01428    0.0137  0.005331
     73/99     20.4G   0.02013   0.01764  0.002818   0.04059       149       640    0.6249    0.7816    0.7498    0.7432    0.6753   0.01423   0.01364  0.004929
     74/99     20.4G   0.02015   0.01753  0.002909   0.04059       242       640    0.6687    0.7597    0.7536     0.745    0.6826   0.01398   0.01331  0.005746
     75/99     20.4G   0.02023   0.01759  0.002918   0.04075       193       640    0.7672    0.7351    0.7639    0.7537     0.683   0.01417   0.01348  0.005515
     76/99     20.4G   0.02016   0.01748  0.002769   0.04041       161       640    0.7281    0.7943    0.7879    0.7625    0.7039   0.01399   0.01336  0.005191
     77/99     20.4G   0.01959   0.01737  0.002706   0.03967       311       640    0.7961    0.7587    0.7914    0.7615    0.7027   0.01404    0.0134  0.005275
     78/99     20.4G   0.01998   0.01731  0.002621   0.03992       208       640    0.6918    0.7949    0.7686    0.7457    0.6869   0.01402    0.0134   0.00563
     79/99     20.4G   0.01987   0.01763  0.002767   0.04026       196       640    0.6887    0.7767    0.7594    0.7519    0.6882   0.01384   0.01315  0.005417
     80/99     20.4G   0.01961   0.01704  0.002652   0.03931       183       640    0.7245    0.7896    0.7793    0.7563     0.703   0.01401   0.01337   0.00582
     81/99     20.4G   0.01977   0.01725  0.002597   0.03962       245       640    0.7291    0.7844    0.7733    0.7568    0.6925   0.01398   0.01325  0.005583
     82/99     20.4G   0.01968   0.01693  0.002618   0.03923       124       640    0.7522    0.7853    0.7701    0.7536    0.6918   0.01395   0.01331  0.005174
     83/99     20.4G   0.01949   0.01702  0.002694    0.0392       145       640     0.757    0.7665    0.7689    0.7565    0.6955   0.01374   0.01303  0.005275
     84/99     20.4G    0.0193   0.01677  0.002566   0.03864       180       640    0.6838    0.7706    0.7607    0.7572    0.6868   0.01378   0.01316  0.005485
     85/99     20.4G   0.01953   0.01695  0.002546   0.03903       229       640    0.7897    0.7771    0.7766    0.7732    0.7025   0.01367   0.01296  0.005668
     86/99     20.4G   0.01953   0.01721   0.00248   0.03923       111       640    0.7991    0.7501    0.7712    0.7426    0.6907   0.01356   0.01294  0.005667
     87/99     20.4G    0.0195   0.01708  0.002393   0.03898       142       640    0.7493    0.7885    0.7764    0.7471     0.694   0.01377   0.01302  0.005523
     88/99     20.4G   0.01942   0.01711  0.002502   0.03904       273       640    0.7605    0.7866    0.7718    0.7485    0.6948    0.0136   0.01286  0.005433
     89/99     20.4G   0.01893   0.01654  0.002439    0.0379       178       640    0.8607    0.7351    0.7869    0.7837    0.7042   0.01375   0.01296  0.005498
     90/99     20.4G   0.01907   0.01657   0.00241   0.03805       195       640    0.7739     0.765    0.7723    0.7696    0.6951    0.0137   0.01288  0.005576
     91/99     20.4G   0.01924   0.01684  0.002391   0.03848       162       640     0.792    0.7554    0.7784    0.7748    0.7005   0.01359   0.01282  0.006058
     92/99     20.4G   0.01908   0.01666  0.002397   0.03814       146       640     0.733    0.8061    0.7785    0.7535    0.6981   0.01352   0.01279   0.00553
     93/99     20.4G   0.01919   0.01658   0.00241   0.03818       182       640     0.758    0.7612    0.7921    0.7744    0.7156   0.01345   0.01272  0.005742
     94/99     20.4G   0.01879   0.01645  0.002339   0.03757       165       640    0.7639    0.7605    0.7784    0.7657    0.7064   0.01346   0.01274  0.005654
     95/99     20.4G    0.0191   0.01667  0.002384   0.03816       188       640    0.7667    0.7635    0.7722    0.7599    0.6994   0.01362   0.01282  0.005791
     96/99     20.4G   0.01917   0.01672  0.002363   0.03826       206       640    0.7198    0.7956    0.7899    0.7806    0.7218   0.01358   0.01275   0.00579
     97/99     20.4G   0.01884   0.01645  0.002366   0.03766       173       640    0.7271    0.8045    0.7787    0.7753    0.7062   0.01353   0.01276  0.005979
     98/99     20.4G   0.01886   0.01627  0.002417   0.03755       136       640    0.7954    0.7942    0.7749    0.7539    0.6963   0.01358   0.01283   0.00571
     99/99     20.4G   0.01905   0.01639  0.002451   0.03789       179       640    0.8187    0.7726    0.7792    0.7537    0.7017   0.01331   0.01252  0.005499
