      0/99     20.3G    0.1043   0.07736    0.0342    0.2158       354       640  0.002247   0.01339 0.0003724 2.943e-06 5.885e-05   0.09668   0.07694    0.0328
      1/99     23.5G   0.09405   0.06476   0.02572    0.1845       228       640    0.6207    0.1795    0.1107  0.003292   0.02563   0.07848   0.06161   0.02405
      2/99     23.5G   0.07844   0.05373   0.01992    0.1521       245       640    0.6685     0.224    0.1656  0.005753   0.04251   0.06879   0.05944   0.02062
      3/99     23.5G   0.06828   0.04901   0.01629    0.1336       255       640     0.431    0.0728   0.04167  0.003438   0.01222   0.08827    0.7378   0.03341
      4/99     23.5G   0.05976   0.04406   0.01457    0.1184       350       640    0.6965    0.4502    0.4636    0.1599     0.212   0.04863   0.04279   0.01395
      5/99     23.5G   0.05767   0.04244   0.01404    0.1142       371       640    0.6947    0.4284    0.4279    0.1359    0.1924   0.04734   0.06686   0.01374
      6/99     23.5G    0.0523   0.03911   0.01242    0.1038       273       640    0.7717    0.5303    0.5582    0.3254    0.3153   0.03636   0.04097   0.01292
      7/99     23.5G    0.0467   0.03641    0.0108   0.09391       271       640    0.8162    0.5532    0.6329    0.4157    0.3849   0.03314   0.03502   0.01212
      8/99     23.5G   0.04289   0.03471  0.009725   0.08733       198       640    0.7852    0.5346    0.5914    0.4311    0.3742    0.0343   0.05758    0.0138
      9/99     23.5G   0.04183    0.0333  0.008925   0.08406       240       640    0.8666    0.5738     0.676    0.5227    0.4384   0.03046    0.0292   0.01077
     10/99     23.5G   0.04014   0.03235  0.008393   0.08089       325       640    0.8698    0.5832    0.6501    0.5568    0.4537   0.02821   0.02783   0.01068
     11/99     23.5G   0.03789   0.03092  0.007841   0.07665       255       640    0.7836     0.569    0.6202    0.5407     0.448   0.02652     0.029   0.01421
     12/99     23.5G   0.03677   0.03034  0.007663   0.07477       340       640    0.7831    0.4767    0.5189    0.4148    0.3538   0.03661   0.04055   0.01293
     13/99     23.5G   0.03608   0.02954  0.007011   0.07263       244       640    0.8274    0.5272    0.6506    0.5771    0.4836   0.02557     0.026   0.01525
     14/99     23.5G   0.03454   0.02853  0.006728    0.0698       279       640    0.9059       0.6    0.6859    0.6241    0.5074   0.02455    0.0241  0.009534
     15/99     23.5G   0.03459   0.02825  0.006547   0.06938       291       640    0.8285    0.5621    0.6475     0.588    0.4958   0.02376   0.02462   0.01654
     16/99     23.5G    0.0338   0.02776  0.006332   0.06789       272       640    0.9128    0.6264     0.698    0.6522     0.545   0.02219   0.02252   0.00707
     17/99     23.5G   0.03258   0.02702  0.006257   0.06585       320       640    0.8713    0.5837    0.6512    0.5961    0.5041   0.02421   0.02584  0.009448
     18/99     23.5G   0.03208   0.02642  0.006007   0.06451       293       640    0.8556    0.6241    0.6911    0.6536    0.5467    0.0219    0.0215  0.008916
     19/99     23.5G   0.03199   0.02693  0.005749   0.06467       293       640    0.9109    0.6354    0.7066    0.6725    0.5611   0.02196   0.02257  0.007059
     20/99     23.5G   0.03116   0.02586  0.005747   0.06277       311       640    0.8844     0.615    0.6962    0.6665     0.555   0.02073   0.02058  0.009097
     21/99     23.5G   0.03047    0.0254  0.005858   0.06173       275       640    0.9138     0.621    0.6992    0.6689    0.5677   0.02028   0.02113  0.008197
     22/99     23.5G   0.03012   0.02516  0.005459   0.06074       314       640    0.9283    0.6331    0.6973    0.6713    0.5713   0.02064   0.02284  0.007384
     23/99     23.5G   0.02963   0.02491  0.005195   0.05974       250       640    0.8784    0.6372    0.6853    0.6537    0.5573   0.01945   0.01949  0.008544
     24/99     23.5G   0.02917   0.02468  0.005301   0.05915       219       640    0.9314    0.6316    0.7104    0.6927    0.5947    0.0187   0.01856  0.007393
     25/99     23.5G    0.0292   0.02419  0.005056   0.05845       321       640    0.8998    0.6434    0.6992    0.6758    0.5821   0.01926   0.01945  0.007686
     26/99     23.5G    0.0285   0.02353   0.00502   0.05705       296       640    0.8965    0.6609    0.6982    0.6792    0.5737    0.0198   0.01961  0.006681
     27/99     23.5G   0.02836   0.02403  0.004897   0.05729       303       640    0.9346    0.6366    0.7059    0.6888    0.5867   0.01887    0.0185  0.006799
     28/99     23.5G   0.02835   0.02396  0.004863   0.05717       262       640    0.9205    0.6347    0.7221    0.7026    0.6033   0.01896   0.01886  0.007911
     29/99     23.5G   0.02748   0.02324  0.004836   0.05556       243       640     0.933    0.6487    0.7108    0.6963    0.6007   0.01845    0.0192  0.006071
     30/99     23.5G   0.02699   0.02305  0.004587   0.05462       243       640     0.911    0.6326    0.6968    0.6807    0.5899   0.01804   0.01799  0.008378
     31/99     23.5G    0.0276   0.02267  0.004582   0.05485       276       640    0.9213    0.6525    0.7155    0.7034    0.6117    0.0176   0.01758  0.006814
     32/99     23.5G   0.02662   0.02262   0.00456    0.0538       298       640    0.9376    0.6521    0.7093    0.6957    0.6002   0.01814   0.01769  0.005378
     33/99     23.5G   0.02717   0.02295  0.004453   0.05457       330       640    0.8998    0.6636    0.7032    0.6897    0.5948   0.01814   0.01793  0.006238
     34/99     23.5G   0.02671   0.02259  0.004331   0.05362       222       640    0.9365    0.6646    0.7349    0.7212     0.631   0.01735   0.01689  0.005082
     35/99     23.5G   0.02607   0.02213  0.004402   0.05259       287       640    0.9103    0.6666    0.7402    0.7294    0.6351   0.01751   0.01743  0.005912
     36/99     23.5G   0.02608   0.02235  0.004265    0.0527       266       640    0.9203    0.6503     0.736      0.72    0.6286   0.01778   0.01777  0.007157
     37/99     23.5G    0.0259   0.02194  0.004154     0.052       330       640    0.9245    0.6612    0.7238     0.713    0.6241   0.01733   0.01687  0.006176
     38/99     23.5G   0.02526   0.02133  0.004119   0.05071       248       640    0.9286    0.6551    0.7439    0.7285    0.6306   0.01728   0.01704  0.006184
     39/99     23.5G   0.02563   0.02139  0.004222   0.05124       234       640    0.9285    0.6439    0.7359    0.7226     0.637   0.01685   0.01651   0.00729
     40/99     23.5G   0.02518   0.02141  0.004116    0.0507       264       640     0.914    0.6725    0.7285    0.7182    0.6303   0.01699   0.01672  0.005743
     41/99     23.5G   0.02495    0.0212  0.004054    0.0502       207       640    0.9316    0.6747     0.716    0.7053    0.6201   0.01675   0.01627  0.005012
     42/99     23.5G   0.02525   0.02184  0.003971   0.05106       254       640    0.9344    0.6527    0.7313    0.7233     0.645   0.01611   0.01611  0.005704
     43/99     23.5G   0.02451   0.02083  0.003968   0.04931       238       640    0.8916      0.67    0.7368    0.7279     0.647   0.01627   0.01593  0.006702
     44/99     23.5G   0.02416   0.02071  0.003918   0.04879       320       640    0.9285    0.6632    0.7521     0.743    0.6561   0.01639   0.01602  0.005555
     45/99     23.5G   0.02408   0.02085  0.003825   0.04875       358       640    0.9234    0.6568    0.7448    0.7329    0.6503   0.01611   0.01577  0.006095
     46/99     23.5G   0.02438   0.02085  0.003824   0.04905       248       640    0.9107    0.6784    0.7394    0.7302    0.6472   0.01612   0.01582  0.005397
     47/99     23.5G    0.0241    0.0204   0.00368   0.04818       275       640    0.9266    0.6705    0.7352    0.7253    0.6451   0.01602   0.01561  0.004987
     48/99     23.5G   0.02376    0.0204  0.003789   0.04794       302       640    0.9335    0.6617    0.7291    0.7205     0.644   0.01578   0.01554  0.005446
     49/99     23.5G   0.02389   0.02079  0.003736   0.04842       249       640    0.9502    0.6481    0.7601    0.7453    0.6657    0.0156   0.01537  0.005762
     50/99     23.5G   0.02325   0.01999  0.003538   0.04677       320       640    0.9376    0.6697    0.7699     0.761    0.6792   0.01567   0.01517  0.005135
     51/99     23.5G   0.02351   0.02041  0.003572   0.04749       313       640    0.9385    0.6573    0.7623    0.7533    0.6738   0.01562   0.01524  0.005715
     52/99     23.5G    0.0234   0.01985  0.003452   0.04671       256       640    0.9208      0.66    0.7524    0.7408    0.6653   0.01536   0.01503  0.006295
     53/99     23.5G   0.02309   0.01998  0.003482   0.04655       379       640    0.9257    0.6675    0.7519    0.7392    0.6624   0.01565   0.01525  0.005307
     54/99     23.5G   0.02279   0.01961  0.003485   0.04589       246       640     0.936    0.6687    0.7514    0.7406    0.6717   0.01509   0.01476  0.005275
     55/99     23.5G   0.02283   0.01961  0.003501   0.04594       317       640    0.9455    0.6683    0.7519    0.7434    0.6651   0.01541   0.01491  0.005154
     56/99     23.5G    0.0224   0.01999  0.003382   0.04577       240       640    0.9368    0.6898    0.7693    0.7612    0.6796   0.01552   0.01518  0.004591
     57/99     23.5G   0.02281   0.01961   0.00349   0.04591       323       640     0.939    0.6751    0.7357    0.7298    0.6556   0.01505   0.01452  0.004696
     58/99     23.5G   0.02246    0.0195  0.003356   0.04532       261       640    0.9361    0.6707    0.7679    0.7604    0.6704   0.01593   0.01548   0.00518
     59/99     23.5G   0.02228   0.01954  0.003442   0.04526       263       640    0.9444      0.66    0.7811    0.7745    0.6982    0.0149   0.01454  0.005079
     60/99     23.5G   0.02202   0.01913  0.003314   0.04446       275       640    0.9479    0.6628    0.7836    0.7709    0.6988   0.01496   0.01452  0.004765
     61/99     23.5G   0.02217   0.01929  0.003237    0.0447       325       640    0.9443    0.6659    0.7643    0.7505    0.6835   0.01472   0.01432  0.005408
     62/99     23.5G   0.02172   0.01913  0.003309   0.04416       357       640    0.9291    0.6784    0.7633    0.7575    0.6809   0.01498   0.01453  0.005175
     63/99     23.5G   0.02173   0.01887  0.003117   0.04372       235       640    0.9585    0.6674    0.8012    0.7868    0.7111   0.01482   0.01436  0.004519
     64/99     23.5G   0.02159   0.01848  0.003246   0.04332       226       640    0.9536    0.6616    0.7426    0.7341    0.6644   0.01477   0.01429  0.004945
     65/99     23.5G   0.02127   0.01836  0.003165    0.0428       282       640    0.6167    0.8339    0.7894    0.7703    0.6962   0.01502    0.0145  0.004807
     66/99     23.5G   0.02132    0.0187  0.003176    0.0432       348       640     0.679    0.7891    0.7965    0.7717    0.7046   0.01479    0.0142  0.004715
     67/99     23.5G   0.02129   0.01845  0.003244   0.04299       324       640    0.6337    0.7917    0.7848    0.7723    0.7062   0.01427   0.01386  0.004789
     68/99     23.5G   0.02123   0.01865  0.003026    0.0429       280       640    0.6523    0.7955    0.7922    0.7792    0.7117   0.01436   0.01392  0.004733
     69/99     23.5G   0.02098    0.0181  0.003035   0.04211       251       640    0.7466    0.7844    0.7995    0.7808    0.7128   0.01451   0.01406   0.00467
     70/99     23.5G   0.02082   0.01815  0.003029     0.042       333       640    0.6697    0.8026    0.7792    0.7739    0.6939   0.01441   0.01376   0.00685
     71/99     23.5G   0.02086   0.01825  0.002947   0.04206       287       640    0.7071    0.7914    0.7939    0.7799    0.7138   0.01426   0.01383  0.005012
     72/99     23.5G   0.02058   0.01805  0.003014   0.04164       304       640    0.8627    0.7615    0.8126    0.8086    0.7317   0.01407   0.01351   0.00494
     73/99     23.5G   0.02067   0.01822  0.002984   0.04188       225       640    0.7501    0.7991    0.8126    0.7825    0.7217   0.01447   0.01391  0.004891
     74/99     23.5G   0.02023   0.01779  0.002909   0.04093       236       640    0.8299    0.7694    0.8077    0.7794    0.7223    0.0141    0.0135  0.005294
     75/99     23.5G   0.02039   0.01762  0.002867   0.04088       225       640    0.8372    0.7958     0.826    0.7946     0.726   0.01445    0.0138  0.005325
     76/99     23.5G   0.02001   0.01746  0.002731    0.0402       341       640    0.7632    0.8058    0.8117    0.7879    0.7237   0.01427   0.01372  0.004764
     77/99     23.5G   0.02012    0.0177  0.002804   0.04062       233       640    0.8339    0.7836    0.8126    0.7836    0.7238   0.01434   0.01377  0.004892
     78/99     23.5G   0.01979   0.01729  0.002719    0.0398       277       640    0.8739    0.7586    0.8032    0.7861    0.7163   0.01447    0.0138  0.004476
     79/99     23.5G   0.01983   0.01709  0.002845   0.03976       261       640    0.7648    0.8034     0.813     0.789    0.7365   0.01345   0.01291   0.00507
     80/99     23.5G   0.01994   0.01757  0.002761   0.04026       305       640    0.7781    0.7805     0.794    0.7851    0.7193   0.01383   0.01322  0.005216
     81/99     23.5G   0.01939   0.01684  0.002817   0.03905       368       640    0.8826    0.7587    0.8037    0.7912    0.7292   0.01376   0.01316  0.004918
     82/99     23.5G   0.01956   0.01664  0.002699   0.03891       256       640    0.8795     0.797    0.8222    0.7968    0.7307   0.01413   0.01357  0.004703
     83/99     23.5G   0.01919   0.01659  0.002861   0.03864       242       640    0.9133    0.7584    0.8164    0.7963    0.7399   0.01331   0.01278  0.004807
     84/99     23.5G   0.01902    0.0164  0.002725   0.03815       287       640    0.7744    0.7763    0.7876    0.7793    0.7259   0.01325   0.01268  0.004763
     85/99     23.5G   0.01894   0.01641  0.002731   0.03808       255       640    0.8477    0.7575    0.8056      0.79    0.7285   0.01369   0.01321  0.004771
     86/99     23.5G    0.0191   0.01638  0.002646   0.03812       233       640     0.848    0.7746    0.8182    0.7949    0.7376    0.0135   0.01301  0.004951
     87/99     23.5G   0.01912    0.0165  0.002562   0.03818       290       640    0.8798    0.7569    0.8114    0.7953    0.7406   0.01336   0.01283   0.00483
     88/99     23.5G   0.01886   0.01593  0.002573   0.03736       282       640     0.878    0.7582    0.8048    0.7945    0.7432   0.01288   0.01237   0.00462
     89/99     23.5G   0.01866   0.01608  0.002692   0.03743       286       640    0.8215    0.7669    0.8021    0.7893    0.7357   0.01279   0.01222   0.00503
     90/99     23.5G   0.01869   0.01587  0.002629   0.03719       244       640    0.8314    0.7885    0.8148    0.7932    0.7401    0.0133   0.01283  0.004931
     91/99     23.5G   0.01873   0.01601  0.002576   0.03732       244       640    0.9377     0.751    0.8186    0.7976    0.7424   0.01336   0.01284  0.005044
     92/99     23.5G   0.01862   0.01587  0.002673   0.03715       311       640    0.8359    0.7875    0.8184    0.7928    0.7489   0.01272   0.01219  0.005115
     93/99     23.5G   0.01877   0.01603  0.002594    0.0374       223       640    0.8859    0.7754    0.8199    0.7971    0.7354   0.01345   0.01287  0.005211
     94/99     23.5G   0.01857   0.01591   0.00254   0.03701       277       640    0.8419     0.774    0.8173    0.7994     0.748     0.013   0.01248  0.005322
     95/99     23.5G   0.01837   0.01564  0.002511   0.03651       285       640    0.8969    0.7746    0.8305    0.8063    0.7621   0.01262   0.01199  0.004807
     96/99     23.5G   0.01833    0.0155  0.002539   0.03637       302       640    0.7584    0.8396    0.8182    0.8118    0.7539   0.01343   0.01291  0.004563
     97/99     23.5G    0.0185   0.01555  0.002538   0.03659       251       640    0.9449    0.7564    0.8227     0.819     0.767   0.01296   0.01238   0.00447
     98/99     23.5G   0.01866   0.01611  0.002526    0.0373       255       640    0.8871    0.7618    0.8144    0.8055    0.7575   0.01259   0.01196  0.004403
     99/99     23.5G   0.01839   0.01577  0.002525   0.03669       269       640    0.7447    0.8298    0.8028    0.7979    0.7531   0.01241   0.01182  0.004744
