      0/99     22.3G    0.1033   0.07705   0.03424    0.2146       227       640    0.5039  0.008642  0.001116 1.053e-05 0.0003319   0.09771   0.07391   0.03389
      1/99     20.6G    0.0881   0.05972   0.02358    0.1714       227       640    0.4959    0.1108    0.1123  0.004061   0.02861   0.08038    0.1286   0.03446
      2/99     20.6G   0.07377   0.04974   0.01822    0.1417       263       640    0.7421    0.2845      0.25   0.03543   0.08694   0.05869   0.09074   0.01655
      3/99     20.6G   0.06393   0.04503   0.01595    0.1249       236       640    0.7206    0.3334    0.3392   0.04811    0.1256   0.05412   0.07424   0.01783
      4/99     20.6G   0.05377   0.03881   0.01394    0.1065       176       640    0.7964    0.5018    0.5705    0.2876     0.301   0.04058   0.03502    0.0155
      5/99     20.6G   0.04722   0.03495   0.01182   0.09399       191       640    0.8096    0.5552    0.5996    0.3931      0.36    0.0341   0.03103   0.01243
      6/99     20.6G   0.04354   0.03281   0.01064   0.08699       239       640    0.8387    0.5835    0.6554    0.5103    0.4338   0.02962   0.02796   0.01198
      7/99     20.6G   0.04079   0.03174  0.009851   0.08239       154       640    0.8449     0.549    0.6765    0.4997    0.4354   0.03024   0.02818   0.01478
      8/99     20.6G   0.03904   0.03044  0.009223    0.0787       195       640    0.8892    0.5795    0.7356    0.6008    0.5067   0.02816   0.02554   0.01094
      9/99     20.6G   0.03732   0.02888  0.008901    0.0751       171       640    0.8606    0.5699    0.7267    0.5568    0.4795   0.02696   0.02552   0.01183
     10/99     20.6G   0.03574   0.02886  0.008328   0.07293       128       640    0.9062     0.594    0.7619    0.6542     0.556   0.02423   0.02324   0.00879
     11/99     20.6G   0.03574    0.0279  0.008291   0.07193       176       640    0.8794    0.5831    0.7074    0.6317    0.5293   0.02432   0.02579  0.009959
     12/99     20.6G     0.034    0.0274   0.00758   0.06897       139       640     0.889    0.6131     0.719    0.6297    0.5389   0.02333   0.02134   0.01071
     13/99     20.6G   0.03303   0.02694   0.00704   0.06701       157       640    0.9214    0.5957    0.7153    0.6811    0.5631   0.02191   0.02091   0.00924
     14/99     20.6G   0.03273    0.0266  0.006691   0.06602       241       640     0.898    0.6146    0.6882    0.6501    0.5369   0.02186   0.02082  0.009723
     15/99     20.6G   0.03156   0.02543  0.006621   0.06361       193       640    0.9202    0.5992    0.7104    0.6815    0.5591   0.02168   0.02023   0.01011
     16/99     20.6G   0.03145   0.02571  0.006507   0.06367       183       640    0.8054    0.5609    0.6005    0.5754    0.4797   0.02233   0.02713   0.01434
     17/99     20.6G   0.03019   0.02454  0.006158    0.0609       283       640    0.8976     0.626    0.7125    0.6861    0.5807   0.01978   0.01855  0.008853
     18/99     20.6G   0.03069   0.02506  0.006299   0.06205       204       640    0.8974    0.6318    0.7074    0.6856    0.5825   0.02013   0.01912  0.009751
     19/99     20.6G   0.02982   0.02443   0.00591   0.06016       201       640     0.799    0.5971    0.6342    0.6083    0.5122   0.02037   0.02069   0.01356
     20/99     20.6G   0.02951   0.02439  0.005832   0.05973       207       640     0.908     0.619    0.7054    0.6681    0.5732   0.02023   0.01905    0.0105
     21/99     20.6G   0.02864   0.02347  0.005738   0.05785       173       640    0.9022    0.6393    0.6937    0.6738    0.5799   0.01899   0.01809  0.007125
     22/99     20.6G   0.02906   0.02362  0.005626    0.0583       189       640     0.914    0.6397     0.719    0.7035    0.6004   0.01844   0.01752  0.007045
     23/99     20.6G    0.0285   0.02341  0.005567   0.05748       172       640    0.9009     0.604    0.6851    0.6675    0.5746   0.01868   0.01792   0.01137
     24/99     20.6G   0.02794   0.02307  0.005279    0.0563       211       640    0.9016    0.6272    0.7033    0.6862    0.5996   0.01788   0.01729  0.009244
     25/99     20.6G   0.02722   0.02256  0.005274   0.05505       174       640    0.8829    0.6078    0.6877    0.6721    0.5804   0.01823   0.01753   0.01104
     26/99     20.6G   0.02725   0.02258  0.005127   0.05496       208       640    0.8506    0.6309    0.6644    0.6518    0.5659    0.0181   0.01737  0.008174
     27/99     20.6G   0.02708   0.02258  0.004997   0.05465       201       640    0.9433    0.6351    0.7139    0.7029      0.61   0.01769   0.01702  0.006498
     28/99     20.6G   0.02711   0.02225  0.004918   0.05428       180       640    0.9104    0.6463    0.7107    0.7001    0.6075   0.01781   0.01685  0.006974
     29/99     20.6G   0.02661   0.02216  0.004748   0.05352       183       640    0.9292    0.6366    0.7068    0.6981    0.6066    0.0172   0.01649  0.007382
     30/99     20.6G   0.02638   0.02187  0.004801   0.05305       229       640    0.9341    0.6526    0.7151    0.7049    0.6153   0.01701   0.01626  0.005587
     31/99     20.6G   0.02574    0.0215  0.004783   0.05202       211       640    0.9272    0.6448    0.7242     0.713    0.6219   0.01711   0.01669  0.006741
     32/99     20.6G   0.02614   0.02181  0.004449   0.05239       174       640    0.9277    0.6684    0.7263    0.7148    0.6292   0.01691   0.01593  0.005668
     33/99     20.6G   0.02518   0.02097  0.004458   0.05061       146       640    0.9452    0.6579    0.7256    0.7161    0.6326   0.01657    0.0157   0.00532
     34/99     20.6G   0.02548   0.02107  0.004477   0.05102       166       640    0.9366    0.6518    0.7377    0.7315    0.6498   0.01632    0.0155  0.005563
     35/99     20.6G   0.02467   0.02066  0.004364    0.0497       253       640    0.9338    0.6545    0.7326    0.7261    0.6429   0.01618   0.01539  0.005984
     36/99     20.6G   0.02531   0.02115  0.004266   0.05073       191       640    0.8949    0.6668    0.7106    0.7045    0.6253   0.01606   0.01565  0.006837
     37/99     20.6G   0.02448   0.02046  0.004248   0.04918       199       640     0.929    0.6589    0.7297    0.7234    0.6387   0.01612   0.01543  0.005499
     38/99     20.6G   0.02439   0.02021  0.004213   0.04882       193       640     0.925    0.6712    0.7396    0.7351    0.6552   0.01576   0.01503  0.005226
     39/99     20.6G   0.02443   0.02057  0.004178   0.04917       174       640    0.9342    0.6482     0.748    0.7419      0.65   0.01598   0.01506  0.007121
     40/99     20.6G   0.02462   0.02045  0.004253   0.04932       224       640    0.9417    0.6487    0.7576    0.7514    0.6684   0.01549   0.01474   0.00562
     41/99     20.6G   0.02435   0.02035  0.004159   0.04886       255       640    0.9372    0.6459    0.7691    0.7622    0.6786   0.01587    0.0149  0.006166
     42/99     20.6G   0.02403   0.02017  0.004015   0.04822       155       640    0.9302    0.6755    0.7685    0.7622    0.6882   0.01559   0.01481  0.005184
     43/99     20.6G   0.02347   0.01972  0.003941   0.04713       187       640    0.9532    0.6632    0.7386     0.734    0.6509   0.01593   0.01507  0.004705
     44/99     20.6G   0.02366   0.01951  0.003978   0.04715       212       640    0.9308    0.6644      0.77    0.7647    0.6771   0.01565   0.01469  0.005357
     45/99     20.6G   0.02329   0.01968  0.003798   0.04676       173       640    0.9358    0.6587    0.7303    0.7248    0.6472   0.01534   0.01446  0.006237
     46/99     20.6G   0.02323   0.01951  0.003763   0.04651       192       640    0.9293    0.6558    0.7327    0.7259    0.6519   0.01535   0.01436   0.00564
     47/99     20.6G   0.02305    0.0195  0.003751    0.0463       167       640    0.9354    0.6503    0.7469    0.7414    0.6656   0.01516   0.01428  0.006787
     48/99     20.6G   0.02296   0.01944  0.003732   0.04614       274       640     0.933    0.6717    0.7639    0.7616    0.6841   0.01497   0.01397  0.004928
     49/99     20.6G   0.02268   0.01958  0.003749   0.04601       216       640    0.9329     0.669     0.756    0.7528     0.681   0.01447   0.01376  0.005808
     50/99     20.6G   0.02251    0.0191  0.003634   0.04524       221       640    0.9276    0.6675    0.7722    0.7685    0.6928   0.01496   0.01398  0.005434
     51/99     20.6G   0.02226   0.01874  0.003629   0.04463       184       640     0.922    0.6447    0.7491    0.7443    0.6724   0.01477   0.01402  0.006669
     52/99     20.6G   0.02243     0.019  0.003584   0.04501       132       640    0.9456    0.6671    0.7816    0.7782    0.7062   0.01481   0.01397  0.005058
     53/99     20.6G   0.02209   0.01894  0.003468    0.0445       194       640    0.9248    0.6827    0.7585    0.7536     0.682   0.01496   0.01438  0.004729
     54/99     20.6G   0.02208   0.01866  0.003543   0.04429       222       640    0.6188    0.8202    0.7914    0.7882    0.7104   0.01485    0.0139   0.00455
     55/99     20.6G   0.02185   0.01859  0.003534   0.04397       159       640    0.6819     0.804    0.7994    0.7958    0.7208   0.01449   0.01345  0.005296
     56/99     20.6G   0.02188   0.01839  0.003591   0.04386       196       640    0.7238    0.7967    0.8162    0.8128    0.7287   0.01473   0.01383   0.00597
     57/99     20.6G    0.0216   0.01854  0.003453    0.0436       196       640    0.7352    0.7953    0.8006    0.7975    0.7287   0.01428   0.01339  0.005656
     58/99     20.6G   0.02132   0.01842  0.003379   0.04312       176       640    0.6185    0.8287     0.802    0.7989    0.7298   0.01409   0.01312  0.005203
     59/99     20.6G   0.02145   0.01826    0.0033   0.04301       164       640    0.7176    0.8096    0.7988    0.7952    0.7163    0.0148   0.01384  0.004578
     60/99     20.6G   0.02166   0.01868  0.003517   0.04385       213       640    0.6659    0.8128    0.8047    0.8018    0.7273   0.01419   0.01324   0.00486
     61/99     20.6G   0.02145   0.01821  0.003304   0.04297       212       640    0.6093     0.831    0.8072    0.8036    0.7244   0.01434   0.01354  0.005591
     62/99     20.6G   0.02098   0.01809  0.003301   0.04237       199       640     0.667    0.7933    0.8003    0.7967    0.7234   0.01409   0.01314  0.004381
     63/99     20.6G   0.02077   0.01773  0.003179   0.04167       207       640    0.7965    0.7771    0.7994    0.7967    0.7324   0.01397   0.01308  0.004174
     64/99     20.6G   0.02082   0.01782   0.00315   0.04179       172       640    0.6727    0.8148     0.791     0.788    0.7231   0.01395   0.01295  0.004831
     65/99     20.6G   0.02054   0.01747  0.003113   0.04112       220       640    0.7268    0.7925    0.8001    0.7965    0.7245   0.01422   0.01344   0.00452
     66/99     20.6G   0.02093    0.0179  0.003119   0.04194       295       640    0.7123    0.8099    0.8161    0.8116    0.7425   0.01402   0.01325  0.004404
     67/99     20.6G   0.02071   0.01772  0.003056   0.04149       196       640    0.7026    0.8155    0.8021    0.7965    0.7262   0.01404   0.01319  0.004581
     68/99     20.6G   0.02017   0.01729  0.002972   0.04043       140       640     0.765    0.8102    0.8088    0.8059    0.7346   0.01363   0.01269  0.004431
     69/99     20.6G   0.02036   0.01698  0.003042   0.04038       196       640    0.8123     0.806    0.8276     0.824    0.7517   0.01394   0.01306  0.004128
     70/99     20.6G      0.02   0.01686  0.003075   0.03993       193       640    0.7698    0.8015    0.8022    0.8002     0.731   0.01357   0.01263  0.005768
     71/99     20.6G   0.02003   0.01703  0.002812   0.03988       249       640    0.8681     0.759    0.8079    0.8052    0.7418   0.01378   0.01282   0.00479
     72/99     20.6G   0.02008   0.01715  0.003003   0.04023       150       640     0.785    0.8022    0.8191    0.8174    0.7365   0.01388   0.01298    0.0046
     73/99     20.6G   0.01979   0.01699  0.002916    0.0397       149       640    0.8991    0.7522    0.8143    0.8113    0.7437   0.01378   0.01286  0.004793
     74/99     20.6G    0.0198   0.01694  0.002968   0.03971       242       640    0.7236     0.805    0.7968    0.7941    0.7298   0.01338   0.01242  0.004433
     75/99     20.6G   0.01991     0.017  0.002907   0.03982       193       640    0.7925    0.7999    0.8019    0.7995     0.728   0.01358   0.01268    0.0051
     76/99     20.6G   0.01987   0.01694  0.002804   0.03961       161       640    0.8459    0.7908    0.8063    0.8039    0.7396   0.01329   0.01237  0.004311
     77/99     20.6G   0.01941   0.01683   0.00281   0.03904       311       640    0.8896    0.7448     0.804    0.8019    0.7428   0.01346   0.01254  0.004831
     78/99     20.6G   0.01964   0.01675  0.002775   0.03916       208       640    0.8231    0.7961    0.8111    0.8078    0.7396   0.01342   0.01245  0.004687
     79/99     20.6G   0.01958   0.01704   0.00281   0.03943       196       640    0.8308    0.7936    0.8033    0.8017    0.7361   0.01332   0.01233  0.004353
     80/99     20.6G   0.01939   0.01642  0.002718   0.03853       183       640    0.8893    0.7825    0.7998    0.7985    0.7332   0.01348   0.01248  0.004444
     81/99     20.6G   0.01938   0.01654  0.002694   0.03862       245       640    0.8575    0.7895    0.8008    0.7995    0.7311   0.01347   0.01244  0.004411
     82/99     20.6G   0.01936    0.0163  0.002681   0.03834       124       640    0.8278    0.7853    0.8021    0.8004    0.7379   0.01345    0.0125   0.00475
     83/99     20.6G   0.01917   0.01644   0.00263   0.03824       145       640    0.8637    0.7887    0.8098    0.8061    0.7453   0.01327   0.01232  0.004422
     84/99     20.6G   0.01892    0.0161  0.002619   0.03764       180       640    0.8709    0.7815    0.8121    0.8105    0.7393   0.01332    0.0124   0.00441
     85/99     20.6G   0.01922    0.0164  0.002583   0.03821       229       640    0.8445    0.7828     0.799    0.7967    0.7324   0.01318   0.01216  0.004223
     86/99     20.6G   0.01925   0.01659  0.002515   0.03836       111       640    0.8735     0.771    0.7978    0.7954    0.7353   0.01308   0.01214  0.004935
     87/99     20.6G   0.01914   0.01646  0.002549   0.03815       142       640    0.8744    0.7716    0.8065    0.8051    0.7429   0.01327   0.01219  0.004353
     88/99     20.6G   0.01907    0.0165   0.00266   0.03823       273       640    0.8663     0.777    0.8042    0.8028    0.7383    0.0131     0.012  0.004543
     89/99     20.6G   0.01866   0.01597  0.002536   0.03716       178       640     0.876    0.7748    0.8044     0.803    0.7362   0.01319    0.0121  0.004421
     90/99     20.6G   0.01876   0.01597  0.002447   0.03718       195       640    0.8688    0.7761    0.8047     0.803    0.7349   0.01305   0.01196   0.00468
     91/99     20.6G   0.01884   0.01619  0.002486   0.03752       162       640    0.8476    0.7768     0.803    0.8013    0.7403   0.01292   0.01189  0.004723
     92/99     20.6G   0.01864   0.01603  0.002464   0.03713       146       640    0.9146    0.7745    0.8113    0.8097    0.7432   0.01293   0.01191  0.004199
     93/99     20.6G   0.01885   0.01591  0.002473   0.03723       182       640     0.886    0.7678    0.8034    0.8017    0.7396   0.01296   0.01189  0.004305
     94/99     20.6G   0.01839   0.01575  0.002437   0.03658       165       640    0.8579    0.7735    0.8043    0.8032    0.7397   0.01287   0.01183  0.004295
     95/99     20.6G    0.0186    0.0159  0.002515   0.03702       188       640    0.8743    0.7755    0.8081    0.8064    0.7432   0.01294   0.01192  0.004318
     96/99     20.6G   0.01864    0.0159   0.00245   0.03699       206       640    0.8702    0.7764     0.797    0.7954    0.7357   0.01276   0.01172  0.004631
     97/99     20.6G   0.01831   0.01557  0.002431   0.03631       173       640    0.8619    0.7602    0.8043    0.8023    0.7435   0.01265   0.01164   0.00456
     98/99     20.6G   0.01819   0.01534  0.002491   0.03602       136       640    0.8803    0.7654    0.8048    0.8026    0.7462    0.0126    0.0116  0.004637
     99/99     20.6G    0.0184   0.01543  0.002564   0.03639       179       640    0.8537    0.7637    0.7935    0.7921    0.7392   0.01206   0.01107  0.004746
